0.000000 0.971732
0.000000 0.301835
0.165812 1.196131
0.000318 0.699531
-0.060316 0.019577
-0.025018 0.545476
0.084916 0.528374
0.212779 0.450868
0.050117 0.449718
-0.140957 0.660059
-0.266425 0.087695
-0.195993 -0.327028
0.167086 1.032955
0.243408 1.095740
0.639567 1.477168
0.434555 1.338261
0.057571 -0.163424
-0.205773 -0.265925
-0.191810 0.844014
0.008633 0.419255
0.074542 0.992592
0.085464 0.849847
-0.190713 0.671138
0.010964 0.102862
-0.037453 0.914363
0.053923 0.672557
-0.004856 0.343919
-0.109031 -0.217288
0.206976 0.971515
0.233800 1.097811
-0.272670 0.987573
0.212616 0.416839
0.442338 0.948149
-0.014526 0.242108
-0.217470 0.178213
-0.186485 0.502342
-0.071869 -0.172109
-0.036473 -0.146232
0.046900 0.729298
-0.008257 0.939729
-0.220270 0.349178
-0.167143 0.211886
-0.102554 0.127377
-0.030073 0.752742
-0.147552 0.779833
-0.288611 0.101472
-0.170424 -0.073662
-0.099146 0.856566
-0.230623 0.022741
-0.003039 0.959670
0.096218 0.657356
-0.215853 0.384086
-0.026222 0.131529
0.112722 0.131647
-0.099983 0.537353
-0.054461 0.943829
-0.092438 0.432625
-0.098056 0.897393
-0.187529 0.216860
-0.223013 -0.174201
-0.138301 -0.384156
0.133508 0.178549
-0.060333 0.661866
-0.144066 0.042841
0.240890 1.025278
0.344196 1.160916
0.266138 0.845203
0.068745 0.297791
0.101109 0.571743
0.172371 0.663859
0.227319 1.279875
0.196853 0.970330
-0.098747 0.294743
-0.073137 0.316967
0.220576 1.165391
0.162756 0.387578
-0.030022 0.539410
0.085368 0.450946
-0.005373 0.388377
-0.133253 0.748568
-0.157332 0.869048
-0.192716 -0.276369
-0.136682 0.037261
-0.279307 0.705861
-0.025683 0.177507
0.199748 0.638712
0.075304 0.092745
0.019509 0.158813
-0.393900 0.029009
-0.428201 0.810140
0.205161 1.411243
0.141953 0.996385
0.078254 0.830414
-0.106941 0.173645
-0.282251 -0.084740
-0.147814 0.296540
0.072538 0.464212
0.257402 0.554757
0.075496 0.406050
-0.237590 0.561591
-0.063204 0.501328
0.151475 0.293379
0.373450 0.226193
-0.122994 -0.442200
-0.219932 -0.441252
-0.262146 0.021967
0.055450 0.388925
0.169348 0.445645
0.073486 0.181969
-0.171353 -0.171851
-0.250748 -0.392770
0.107962 -0.184870
0.133773 -0.192696
0.235617 0.211040
0.099171 0.270972
-0.141994 0.036586
-0.085796 -0.126445
0.072585 -0.074357
0.309822 0.480154
0.138159 0.215452
-0.113110 -0.218867
-0.097370 -0.155105
-0.185444 0.003890
-0.186032 0.099770
0.014243 -0.129052
-0.067477 -0.409402
-0.251190 -0.319373
-0.125197 0.014581
-0.205188 -0.167882
0.151461 0.108938
0.060656 -0.089045
-0.354678 -0.464486
-0.307737 -0.343995
-0.082011 -0.069456
0.292081 -0.010343
0.014683 0.024300
-0.351349 -0.361927
-0.300484 -0.298868
0.192739 0.138598
0.338282 0.384364
0.140842 0.224153
-0.160268 -0.430564
-0.451558 -0.537251
0.003421 0.013668
0.095698 0.118927
-0.228925 -0.143643
-0.040460 0.119382
0.392171 0.566919
0.211865 0.182364
-0.068935 -0.062961
0.134249 0.090265
0.170942 -0.035500
0.150647 -0.126290
-0.199442 -0.179583
-0.146436 0.152535
-0.012195 0.313979
-0.071170 0.036978
-0.320450 -0.506951
-0.231997 -0.511816
0.029274 -0.134059
-0.090298 -0.337240
-0.057042 -0.282691
-0.004973 0.141862
0.146050 0.446392
0.050497 -0.151686
-0.410649 -0.604634
-0.155903 -0.221588
0.151111 0.414424
0.177846 0.398699
0.162243 0.363266
0.220819 0.198274
0.272177 0.036873
0.036781 -0.057255
-0.070590 -0.193271
0.117054 -0.022740
0.067309 0.213872
0.167988 0.213466
-0.005059 -0.143962
0.002941 -0.217045
-0.043208 -0.151549
-0.049919 0.076129
-0.079834 0.156984
0.327446 0.464068
0.367554 0.458797
-0.047388 -0.166468
-0.158254 -0.455164
0.245195 0.127016
0.081607 0.168147
0.358329 0.579432
0.083927 0.221485
-0.606887 -0.461284
-0.559675 -0.500581
0.036878 -0.067321
0.265392 0.025595
0.157270 0.225420
-0.163663 0.285095
-0.168949 0.177135
0.078380 0.230554
0.286095 0.270103
0.450951 0.116759
-0.786430 -0.455030
-0.682036 -0.032563
0.663734 -0.362904
0.789458 -0.334351
0.029042 -0.218969
0.523781 0.242948
-0.812207 0.622356
-2.839829 0.544813
0.106639 0.457926
1.491493 0.173479
0.272395 -0.102232
-1.508961 -0.543624
-1.094824 -0.259029
-1.273833 0.084833
0.024141 0.223437
3.292597 -0.057290
1.200648 -0.480060
0.015239 -0.109676
0.301347 -0.381354
0.913277 -0.064001
-1.463086 0.554989
-0.959412 0.411262
-1.223035 0.122535
-0.520639 -0.253473
0.260857 -0.331017
-1.316088 -0.339931
0.171002 -0.150081
2.022405 0.270013
0.658400 0.384517
-1.821336 0.316016
-1.779604 -0.325927
0.457127 0.112794
-0.327186 0.344392
0.638186 0.429646
2.357347 0.273601
-0.040246 -0.099068
-2.004920 -0.513793
-0.394972 -0.346298
0.932749 -0.077926
0.559450 0.161763
-0.921500 0.180645
0.318310 -0.162345
2.917691 -0.137387
0.459535 -0.027619
-1.182334 0.368608
0.034221 0.264723
1.806473 0.041738
2.409170 -0.086751
2.734101 -0.315658
0.920429 -0.041472
-0.145284 0.205147
0.000912 0.443592
1.692749 0.204279
2.291254 -0.263964
0.918637 -0.391938
0.904887 0.137700
1.812873 0.306932
0.506271 -0.498186
-2.763818 -0.251332
-2.527973 0.229412
0.417360 0.308230
0.664569 0.003086
-0.355776 -0.301098
-2.004174 -0.425738
-2.928614 0.082877
-1.312294 0.149158
-0.126939 0.386310
2.680871 0.177803
0.673435 0.020893
-1.611917 0.035740
-2.862095 0.064341
-0.231196 0.169851
-0.348089 -0.327322
-1.039317 -0.927573
-1.912581 -0.271020
-1.752230 -0.017139
-1.214231 0.158370
-1.753974 0.116718
-3.667771 0.138483
-2.182021 -0.024216
0.642571 0.322514
-0.161824 -0.068913
-0.564588 0.028509
-3.088901 0.256610
-2.931619 0.662477
-1.468203 0.601606
1.298762 0.036299
1.303078 -0.320330
2.923265 -0.154485
1.040793 -0.306554
-1.173682 -0.113888
-2.948095 0.545098
-1.957322 0.580361
-0.067863 -0.047719
0.282011 -0.479117
0.581270 -0.087562
-1.319683 -0.164105
-4.139994 -0.068470
-2.776215 0.171633
1.363726 0.406605
3.532550 1.970834
2.847571 2.670742
0.727978 -0.786137
-1.164538 -1.213633
-0.722405 -0.971801
-0.077812 1.394812
1.720336 3.049757
1.306773 -0.662261
-1.133839 -2.044681
-2.437316 -1.470770
-2.131663 0.258341
-1.205755 1.606834
2.348334 2.565535
1.463808 0.277344
-1.339460 -0.937521
-1.754276 0.149739
-1.109188 0.937632
1.226238 -0.340041
0.972827 -1.361638
0.518359 -1.877304
-0.741585 0.353176
-1.215811 -1.422140
-0.255158 -0.981332
0.679422 0.302138
-1.916048 2.010876
-0.604980 1.194729
1.342409 -0.631572
0.973166 -0.452632
0.017782 1.606673
-1.385577 1.629794
-1.466101 1.261641
0.297935 -1.441266
2.804981 -0.991118
0.955220 -1.284289
1.530146 1.825871
-0.720551 0.276406
-1.408071 -0.781311
-2.174962 -0.412253
-1.156964 -1.057612
-1.391932 -0.371153
-0.141452 1.859008
0.710501 2.626082
-0.625303 0.756629
-0.067014 -3.315111
-0.669393 -2.431716
0.009480 0.360838
1.915115 -0.095721
2.209668 2.299220
1.624375 2.981577
-0.906357 0.467515
-1.263199 -3.012721
-0.088214 -1.419557
-0.280236 -0.306982
-1.757296 0.899976
-3.341216 0.091144
-1.079153 -0.600672
0.329237 -0.786774
1.039761 -0.993394
1.995453 0.320412
0.504938 2.297216
0.436980 0.361961
-1.982506 -0.311272
-0.755409 -0.072491
1.345417 0.059386
-0.179126 -0.007551
0.351427 1.183034
-0.463833 0.094013
-0.951025 0.459729
-0.275424 0.108943
0.798914 0.061633
-0.249481 -0.333593
0.152630 -0.862116
-0.597369 -2.480187
-2.024440 0.091045
-1.353287 -0.200088
1.343512 0.033775
1.128856 0.365619
-0.993183 -1.177984
-1.163597 -0.470798
0.863072 -0.527765
-0.941810 -0.191629
-0.086165 0.356536
0.540276 -0.705574
2.525466 -2.880504
3.420708 0.661522
0.385905 1.151095
-1.139323 0.281561
-1.218406 1.437781
0.231916 0.784854
1.045906 -0.619518
1.430544 -0.681058
0.751884 0.886561
1.251067 0.982735
-0.312836 0.595733
-1.434054 -1.099994
-1.061759 0.281735
-0.163706 2.347434
-1.059628 2.620947
0.970748 -1.154729
0.732344 -2.757243
-0.161614 -2.438468
-0.403669 0.472956
-0.118545 1.441611
0.336022 1.437696
0.370182 0.306830
0.066373 0.586200
-0.163193 0.627181
-0.231751 -1.015146
-0.063766 -0.750595
-0.045796 -0.187721
0.116045 -0.625125
0.098775 2.563175
0.004648 3.436749
-0.050016 2.183379
-0.455922 -0.112002
0.156153 0.247719
-0.019217 1.915827
-0.279046 1.795196
-0.058324 -0.084882
0.092931 0.277421
0.101484 -0.589918
0.092262 -0.010626
-0.178219 -0.146866
-0.203051 0.678453
0.058104 1.332258
0.182486 0.142248
-0.003783 0.517361
-0.244746 0.205537
0.099898 -1.182805
0.173874 -1.625954
-0.444993 0.265775
-0.343704 0.244485
-0.112609 1.039459
0.245584 0.901685
0.188974 -0.333848
-0.035912 2.027911
-0.166326 2.893775
-0.098992 -0.830683
-0.010572 -3.871006
0.001169 -0.054949
-0.015160 2.171016
-0.037710 0.617112
-0.353645 -0.926822
-0.206018 0.339125
0.121296 0.586149
0.127051 0.072661
-0.034543 -1.784803
0.082466 -1.450551
0.146880 2.113105
0.034311 1.940774
0.056252 0.516926
-0.070861 -1.443862
-0.061970 -2.422405
-0.084915 -0.859774
0.020620 0.892144
0.170433 0.785246
0.196086 -0.660533
-0.157809 0.517079
-0.001556 1.416463
-0.021543 1.677601
0.001441 -1.249424
0.029279 -2.288164
-0.059389 -0.534670
-0.043614 -0.406035
-0.052306 1.039669
-0.079636 1.590540
0.123472 2.020998
0.025646 0.852922
-0.044572 0.534040
0.109110 -0.073916
0.180133 -1.969763
-0.090504 -1.777724
-0.399043 -1.427088
-0.193890 0.629312
-0.084332 -0.128227
-0.036005 0.468447
-0.076126 -1.772245
0.071177 -0.193922
0.056418 2.062689
-0.152877 2.603098
-0.077549 0.272674
0.199268 0.047063
0.243164 -2.143528
0.141531 -2.246002
-0.135381 -1.007919
0.076695 0.885023
0.137251 0.907789
0.043056 1.304948
0.206557 -0.880167
0.200851 -0.137269
-0.061981 2.583152
-0.301669 2.279946
-0.363296 -1.140859
0.056537 -0.581600
0.215668 0.406001
0.298250 0.126625
-0.111517 0.505983
-0.365261 0.416757
-0.113458 -0.629980
0.231580 -1.096942
0.085615 -0.796969
-0.291676 -0.207418
-0.405062 -0.123160
-0.227469 -0.169874
-0.070749 -0.330172
0.188407 0.048048
0.146304 0.252905
-0.203021 0.019964
-0.166611 -0.057706
0.172109 0.269834
0.094909 0.192105
0.151769 0.274507
0.078361 0.217996
-0.012822 -0.167200
-0.179933 -0.463583
-0.131580 0.082096
0.101405 0.173066
-0.045896 -0.087062
0.052603 -0.134166
-0.042873 -0.119439
-0.094432 -0.120694
0.027065 0.052871
0.226722 0.295534
0.216345 0.058153
0.063466 -0.255591
0.064112 0.057189
0.219665 0.283988
-0.181995 -0.161510
-0.082892 0.085749
0.037441 0.254135
-0.055236 -0.008940
-0.229010 0.013400
-0.396821 -0.193939
-0.108597 0.105388
0.348685 0.269407
0.276535 0.045982
0.065144 -0.062183
0.010588 0.000070
-0.133180 -0.493949
-0.076825 -0.213144
0.001507 0.276671
-0.019887 0.276557
-0.199594 0.012202
-0.026698 -0.163699
-0.162025 -0.618244
-0.018384 -0.248201
0.073357 -0.019895
0.228721 0.494650
0.018256 0.267880
-0.160351 -0.281424
-0.114639 -0.391615
-0.109217 -0.301789
-0.071866 -0.102716
-0.080159 -0.102770
-0.052567 -0.262390
0.069959 0.018774
-0.033528 0.120275
-0.049116 0.213055
0.061679 0.088329
-0.165681 -0.708109
-0.200348 -0.541081
0.109516 0.187631
0.270865 0.516751
-0.118620 -0.147220
-0.267607 -0.492705
-0.257159 -0.348296
-0.161719 0.055246
-0.035009 0.005245
-0.154263 -0.562409
-0.081231 -0.459656
-0.071050 -0.127449
0.220294 0.455526
0.347409 0.417430
0.265228 0.182004
-0.184941 -0.329713
-0.246030 -0.207300
0.080039 0.300704
0.171638 0.217319
0.046384 0.171934
0.036217 0.426425
0.191927 0.300998
0.185407 0.148613
-0.238293 -0.476882
-0.431674 -0.479172
-0.214351 -0.101810
-0.092174 -0.281860
-0.001932 -0.290995
0.016994 -0.048734
0.127248 0.367756
0.134395 0.584855
-0.323071 -0.017363
-0.350361 -0.343264
0.097164 0.056202
0.263669 0.234568
0.183008 0.026040
-0.092996 -0.306950
-0.283776 -0.201169
-0.449161 -0.368411
-0.243313 -0.713833
0.488702 0.354078
0.570378 -0.208916
-0.168190 -0.293546
-3.007538 -0.291057
-0.746205 -0.171429
1.895029 0.216821
2.518637 0.429730
1.997629 -0.405720
0.319949 -0.401520
-0.619569 -0.260613
-0.926059 -0.123097
0.942740 -0.024475
0.321848 0.195775
-0.959716 0.332451
-0.127403 0.178672
0.696329 -0.108812
1.636174 -0.105921
1.491228 0.034477
-0.832116 -0.557526
-1.763466 -0.144406
-1.090854 0.264092
0.443368 0.153285
-2.174931 -0.097769
-1.792202 -0.230200
2.024983 -0.131371
1.190038 -0.174329
-1.468196 -0.092546
-1.789082 0.090328
0.868952 0.261506
3.287175 0.180262
1.728821 0.018007
0.307370 -0.296449
-0.852646 -0.183705
0.934531 0.417820
3.591921 0.286459
-0.906650 -0.046910
-0.195306 -0.143364
-1.488524 0.201708
-0.299929 0.212784
2.090046 -0.033263
-0.857168 -0.070033
-1.645100 -0.025755
0.673077 -0.094060
2.173471 -0.146779
0.887578 0.393675
-1.542535 0.269624
-2.641035 -0.489457
-0.819704 -0.084692
1.481622 0.511369
1.442704 0.283881
0.662710 -0.237225
1.187530 -0.641859
0.951144 -0.241527
1.514440 0.086253
0.156078 0.299373
-0.839667 0.332724
-0.931593 -0.161097
-0.222701 -0.458392
0.786154 -0.145033
-0.838739 0.428637
-1.563936 0.143275
0.240173 0.025871
1.578019 -0.095502
1.982406 -0.081365
0.966399 0.093240
-2.002580 0.119739
-1.670492 -0.114217
-3.240445 -0.491410
-2.176457 -0.300544
0.025680 0.121376
2.826547 0.400896
0.004557 0.259154
-0.635441 0.276559
-2.383577 -0.297580
-1.672291 -0.346745
-0.934425 -0.395682
2.150918 -0.295897
-0.833423 0.134038
0.527473 0.464605
-0.819495 -0.063752
-0.333221 -0.589065
0.132548 -0.032539
0.725882 0.146760
1.622895 -0.002518
0.985429 -0.392506
2.315098 0.115162
-0.683333 0.199509
-3.752900 0.096266
-0.995552 0.036722
2.248877 -0.202511
5.716965 -0.272004
1.736417 0.549185
-3.932475 0.240911
-3.328588 -0.229002
0.173058 -0.179536
0.402792 -0.380533
-0.370831 -0.285935
-0.252523 -0.199941
-0.933139 0.499525
-2.707385 0.277877
-1.960983 -0.095383
0.278227 -0.576463
2.232229 -0.813832
1.765260 0.250450
0.187813 -0.900720
-0.907425 -1.242752
0.953291 -0.123994
0.498570 0.930071
-1.122141 0.942299
-1.130980 -1.242288
-1.263003 -0.254165
0.126786 -0.267211
-0.273586 0.834463
-1.746800 0.273488
1.449237 1.103680
3.873336 0.524149
0.629127 0.178493
-0.989735 1.279934
-2.359962 2.012743
-2.329203 -1.099680
0.336034 -1.528491
1.356756 -1.258941
-0.314151 -1.388459
-1.283462 -0.566244
-3.444957 0.000557
-2.451501 -2.151279
0.717647 -1.367887
1.261347 0.172407
0.056853 2.698383
-1.971019 0.227802
1.133787 -0.037882
1.134677 1.257496
0.141477 1.123435
-0.411216 -1.198950
-0.644063 -0.495493
-0.518906 -2.354807
0.747893 1.259715
0.721831 3.980152
-0.667378 2.829962
-1.006535 0.795731
0.187550 1.644116
-1.149827 -0.697041
-1.734122 -1.708754
-0.502047 -3.619345
-0.048398 0.063190
0.021569 0.644350
-1.275388 0.762388
0.070110 -0.650300
-0.527358 -2.644609
0.891524 1.211236
-1.115557 3.519280
-2.180059 1.142210
-1.816146 -2.935022
1.759378 -4.290029
3.168858 -3.439206
-1.007607 -0.146640
-3.220741 -0.100607
-0.856930 -0.164002
2.473706 2.516647
4.381473 4.272333
0.023819 1.961462
-3.557736 -2.976926
-2.215164 -0.970843
-1.511655 0.092875
0.892659 1.559028
2.625194 0.119728
1.394968 0.366494
0.963683 0.739364
-0.693205 0.896056
1.044526 1.974837
2.205598 1.483833
0.926111 2.272950
0.974434 1.319648
-2.575970 -2.808015
-2.539288 -3.018892
-0.275200 0.178151
5.622534 2.194166
4.182124 -0.246291
-0.672079 -1.728663
-3.665167 -1.833407
-1.663914 -0.941878
0.644276 1.512439
-3.066749 0.619748
-0.764382 0.688726
-1.045150 -0.763224
0.432712 -2.593732
1.227837 -2.334831
-0.281011 0.540422
1.393027 1.332816
0.642919 5.509023
0.439812 1.305260
-1.090128 -1.336484
-0.097458 -0.555575
0.828457 1.256380
1.619438 3.575718
-0.171223 1.718828
0.360758 0.522642
1.434362 1.211987
1.727903 1.911037
-0.565332 0.974394
-0.216123 0.101378
0.013481 -0.574168
0.067723 -2.075277
0.188315 -1.221940
-0.155472 1.225500
-0.246280 -1.238823
-0.076518 -3.897023
0.185754 -0.711624
0.292297 1.656957
-0.075132 0.393319
0.037943 -0.819957
0.182998 0.196451
0.128997 -0.642254
-0.004420 -0.197513
-0.193394 2.214266
0.066012 -1.429312
-0.117148 -0.692209
-0.302553 1.220048
-0.213796 1.943295
0.064289 0.307598
0.141085 1.249596
0.249105 0.825574
-0.077859 0.517521
-0.290011 0.969693
0.064629 0.428590
0.025894 -1.470222
0.036623 -1.783282
0.003159 -0.519815
0.024511 2.145708
-0.149213 1.331474
0.064878 -0.882400
0.107377 -1.221060
0.060389 0.413458
0.040183 0.622301
-0.086913 1.526191
-0.256792 -0.196956
-0.061585 -1.283935
0.179230 0.874905
-0.015745 1.587787
0.105060 1.664957
-0.206260 -0.462324
0.030259 -0.928005
0.237114 -1.883180
0.021074 -4.008436
0.093089 -1.675636
-0.019600 0.715825
-0.022648 0.520161
0.017349 -1.307112
0.055857 -1.885883
-0.107866 -1.485308
-0.084781 0.324340
0.340600 1.443434
0.223433 1.803210
-0.082165 -1.729368
-0.408397 -3.156658
-0.136346 -0.556600
0.031972 2.602988
0.277982 2.995833
-0.210318 -2.203034
-0.191120 -4.013394
-0.196144 0.663934
-0.028546 2.272828
0.243462 0.805151
-0.161603 -0.556218
-0.311750 -0.692440
0.089791 0.031313
0.236775 0.120631
0.093789 0.720331
-0.111354 1.646788
-0.168628 2.562679
0.206459 0.416972
0.267190 0.666771
-0.029702 0.572710
-0.489058 1.979904
-0.485970 1.373938
0.016142 -0.385658
0.326812 -0.460773
0.402883 -1.041975
0.077696 0.056174
-0.124414 -1.286182
-0.304550 -1.188983
0.041879 -0.181882
0.102946 0.035550
-0.027759 0.600382
-0.237224 -0.592835
-0.364528 1.544782
-0.267290 1.877305
0.256190 0.105802
0.252693 -0.744238
-0.078357 -1.614967
-0.314735 0.419935
-0.202625 1.037033
-0.203822 2.811222
0.161128 1.768373
0.137783 -1.032426
-0.032065 -2.210748
-0.102709 -0.761615
0.053910 2.628899
0.264590 0.133493
0.096995 -0.908364
0.102395 -0.462881
-0.025021 0.214258
0.276204 0.545083
0.274810 0.279400
-0.200052 -0.248305
-0.542792 -0.508052
-0.134335 -0.034106
0.081767 0.136243
0.044490 0.285201
-0.176773 0.096481
-0.122665 -0.023145
-0.015601 0.111002
0.076543 0.190173
-0.225783 -0.282732
-0.083786 0.099714
-0.062657 -0.029284
-0.225990 -0.456423
-0.446208 -0.451503
0.051126 0.136477
0.228927 0.420683
0.108648 0.131679
0.055721 0.319119
-0.010689 0.165430
0.019216 -0.098934
-0.135354 -0.377061
-0.036338 0.037199
-0.107226 -0.172965
-0.019251 -0.213295
0.106072 0.456239
-0.006089 0.056871
-0.048738 -0.213172
0.091997 -0.206050
0.131239 -0.057071
-0.138831 -0.050040
-0.066501 -0.081090
0.188642 0.130429
0.035336 -0.213004
0.103738 0.038912
0.036946 0.132134
-0.030441 -0.225524
0.193888 0.006964
0.354120 0.308859
0.557975 0.701440
0.059890 0.251371
-0.038993 -0.007599
0.020196 0.166472
-0.079150 0.088107
0.024189 0.077690
0.074533 0.300996
-0.158392 0.169229
-0.040585 -0.242833
0.102590 -0.159454
0.173519 0.050295
-0.155639 -0.263661
-0.187528 -0.109870
-0.084635 -0.022553
-0.025992 0.291165
-0.227161 -0.303564
-0.165327 -0.251525
0.084616 0.209850
0.013253 -0.029899
-0.045110 -0.302497
-0.009527 0.038531
-0.219901 0.070698
-0.046339 0.154841
-0.002302 -0.336342
0.175013 -0.099887
0.011961 -0.203542
0.114880 0.287685
0.023771 0.034705
-0.203540 0.134348
-0.073175 0.067504
-0.345695 -0.264674
0.146328 -0.173940
0.481319 0.443258
-0.004948 0.563135
-0.078893 0.346176
-0.010123 0.176692
-0.123996 -0.416147
0.064785 0.038467
-0.071368 0.094954
-0.006837 -0.081091
0.060464 0.066924
0.082399 -0.360912
0.283686 -0.064426
0.057604 -0.150250
-0.406450 -0.659490
-0.190551 -0.309271
0.286229 0.408216
0.365438 0.519146
0.169411 0.218796
-0.021493 -0.243246
0.070912 -0.213424
-0.050429 -0.242370
0.208253 0.360334
-0.038299 -0.084298
-0.343152 -0.348327
-0.033961 -0.148360
0.322008 0.210212
0.209858 0.255637
0.021385 -0.072914
3.080732 -0.312821
0.801487 -0.396141
-2.810249 -0.188525
-2.722188 0.718301
0.114138 0.481492
4.170133 0.116396
1.288316 -0.048349
0.211129 0.389709
-2.656521 0.148016
-1.042778 -0.635596
2.028412 -0.178104
1.746947 -0.276339
-1.523170 0.074302
-2.267784 0.047516
1.267703 -0.004454
1.929440 -0.090282
1.186319 -0.332901
-0.980817 0.090449
-0.816795 0.759553
-0.584702 -0.283374
-0.489217 -0.478724
0.216753 0.304181
2.446399 0.697232
1.092527 0.298139
-1.672287 -0.244800
-2.259780 -0.035504
-0.669885 0.325881
3.251143 0.323826
4.365316 -0.053998
2.908921 0.148021
-0.588753 0.070232
-1.923453 0.148520
-2.217548 0.513694
-2.273283 0.387209
-2.596010 0.053982
-0.362746 -0.452399
0.753108 -0.687630
0.125606 0.009210
0.921871 0.082449
0.601570 0.509316
0.394251 0.109020
2.001573 0.057101
0.811665 0.245567
-2.393952 0.456298
-0.219413 0.307648
-0.291430 -0.225512
-1.270434 -0.292470
-0.130192 0.316157
1.504156 0.512543
0.413850 0.521367
-0.663270 0.240591
-1.116615 0.154681
-1.561793 0.078439
2.081709 -0.188404
2.542226 -0.263837
1.431909 -0.474209
-1.095199 -0.050997
-1.390239 0.392623
1.473445 0.163140
1.414468 0.076362
-0.774349 -0.123029
-3.323924 -0.232822
-0.983343 0.112926
2.243057 0.143471
2.283137 -0.069446
0.685336 0.214301
-1.710526 -0.080985
-2.295976 -0.173727
-2.449316 -0.310079
-0.452326 -0.340549
2.533328 0.019490
-0.280370 0.063242
-2.838559 -0.153863
-0.432271 -0.372383
-0.450153 0.115482
-0.510219 0.384664
-2.317046 0.342609
0.621422 0.376037
0.956048 -0.069535
-1.938327 -0.335923
-1.176261 -0.045942
1.029224 -0.293069
1.738158 -0.359133
0.468247 0.034659
-4.940420 0.362519
-6.002333 -0.010872
-0.678135 -1.061543
4.027825 -0.291791
3.606747 0.348387
-1.944015 0.613643
-1.348723 0.686158
-1.934502 -0.178185
-1.024264 -0.743260
1.492777 -0.595234
0.665753 0.162703
-1.032297 0.527976
-2.521933 0.444716
-0.313999 0.266903
0.892150 -0.160968
2.004040 -0.334873
-0.905032 0.396125
-1.035033 -2.624927
-0.219701 -0.539107
1.502841 0.258748
-0.478979 1.758584
1.760485 0.995502
0.661529 -0.525795
0.626093 -0.871585
-0.909176 1.889115
-0.378764 5.057137
1.242365 2.633681
3.948863 -0.769456
3.868653 -0.253762
-0.722832 2.030753
-4.490630 1.708608
-2.021130 -1.682226
2.644085 -3.257629
4.181689 -5.001746
0.785903 -1.673339
-0.873440 3.529075
0.465382 0.833549
0.769290 -2.156048
1.757157 -0.172748
0.740776 1.121148
-0.245958 0.504595
-0.959744 -2.196189
-0.612222 -2.835206
0.624183 -0.214578
1.876155 2.413494
1.027030 1.825042
-0.159682 -0.123868
-0.003680 0.724719
2.154641 -0.062066
1.121297 0.566270
-1.562255 -0.350180
-1.675013 -0.437419
-1.446520 0.700146
-0.241759 1.863442
1.300615 2.511139
1.659792 0.276077
0.637265 -2.282794
-0.081205 -0.603031
-1.504745 4.495265
-0.912226 -0.140518
0.278788 -1.326315
2.300358 -0.695950
3.431398 0.653417
2.239753 -0.616968
-2.704136 1.002037
-2.334298 2.297242
-2.105398 2.349738
-0.688498 3.449253
-0.329660 2.147265
0.109669 -1.248759
-0.005721 -3.824904
0.069086 -1.620699
0.311140 -0.198785
1.157968 1.063315
-0.146866 0.193370
0.047869 -2.325960
1.314211 -2.039397
2.626794 -1.145299
2.528617 1.311775
0.929844 -1.379931
-2.021485 -1.552457
1.353557 -1.154010
1.812187 1.378771
-2.466482 1.612544
-1.819151 1.293935
2.699915 1.960221
3.994627 -1.481981
1.452584 -1.949125
-0.773385 -0.438931
-0.714404 0.533146
-1.138280 1.311843
-0.504308 1.341885
0.107977 0.756002
-1.948870 -0.265791
-0.942429 1.040075
3.674285 2.025768
2.209155 0.493338
0.714374 -0.432805
0.960685 -3.123546
-0.595510 0.275198
-2.089052 2.126300
-0.870536 2.851710
1.772189 0.076216
2.245893 -1.154451
0.352074 0.797169
-0.638847 1.163011
-1.272726 0.342252
-2.510260 -1.836859
-1.405322 -0.186091
0.242994 -0.501224
1.994195 -1.611098
1.555094 -1.357056
0.501496 0.391726
-3.436539 0.738508
-0.427128 -0.875216
2.233526 -0.663901
1.750282 0.506510
0.024499 1.595127
-1.023402 0.699360
-0.514204 -2.122500
0.209157 -1.703682
0.098957 0.999977
-0.115271 -2.334543
-0.172776 -1.529625
0.049494 -1.926177
-0.030505 -1.604120
0.100440 -0.859531
-0.215916 0.842231
-0.126377 0.675084
0.132199 1.413322
-0.000075 -0.227016
-0.075650 -1.069312
-0.028990 -2.195292
0.074172 -2.856187
0.063933 -2.063740
0.244216 0.137681
0.081611 -1.098843
-0.311892 -0.670790
-0.502374 0.482663
-0.192379 1.020909
-0.088977 1.184378
0.156599 -0.637810
0.229344 -3.326552
0.451949 -1.050149
0.038618 0.789957
-0.051209 2.423949
0.188457 1.088191
0.140260 -0.350350
-0.161622 1.039350
-0.305144 1.756082
-0.363131 0.362444
-0.218573 0.182893
0.103047 -1.275272
0.087460 -1.500662
-0.079434 0.258095
-0.058180 1.480372
0.015173 1.049063
-0.015748 -0.821523
0.218429 0.171290
0.180380 1.878206
-0.027056 0.139188
-0.024737 -0.089511
0.117698 -0.276145
0.056099 -0.151178
0.021049 2.223640
0.151445 1.230511
0.308656 0.182553
0.076322 0.093009
-0.089526 0.244775
-0.054731 1.475144
0.174033 -0.773945
0.326479 0.514125
-0.036296 1.912381
-0.085958 1.379531
-0.098587 2.569819
0.097567 2.146064
0.058498 -0.713245
-0.129567 -2.631792
-0.343971 -0.623219
-0.262635 1.098578
0.175486 1.379539
0.223988 0.818608
-0.142452 -2.226794
-0.080218 -1.717251
0.236547 -0.130782
0.242129 0.694958
0.236360 2.633297
0.108527 2.974748
0.084346 -0.419568
0.085827 -0.072971
-0.116916 1.177844
-0.018829 -0.307248
0.248462 -2.045848
0.193976 0.733434
-0.006261 0.733349
-0.064029 -0.418582
0.147614 -1.744647
-0.085093 -1.549242
-0.208552 -1.655002
-0.178054 -0.961646
-0.158635 -1.998107
-0.209117 -2.819351
0.023818 -0.099224
0.318240 0.674018
0.431943 -3.115490
0.338754 -3.711712
-0.084113 0.903830
-0.487567 4.249605
-0.025749 5.000590
0.389396 1.053515
-0.037379 -2.760400
0.030808 -2.863224
-0.015049 0.324754
-0.087510 1.521796
0.135289 1.636806
0.035236 0.518159
0.001435 -0.288201
0.236209 -0.523970
0.245860 -0.061992
-0.168088 0.124283
-0.249944 0.044513
0.128272 -0.020072
0.113718 -0.247751
-0.024518 -0.011908
-0.225370 -0.325432
-0.125937 -0.120269
0.053021 0.021971
-0.036142 -0.207165
0.008859 0.005663
-0.060024 0.156274
-0.089379 0.282141
-0.105662 0.001737
-0.116474 0.211559
0.219693 0.552992
0.044479 0.211347
-0.078679 -0.030446
-0.171822 -0.253152
-0.288713 -0.330868
0.106104 0.041400
-0.001507 -0.449028
-0.166064 -0.369773
-0.287384 0.023201
-0.026394 0.243046
0.400629 0.401138
0.239729 0.016579
0.000790 -0.257112
-0.081217 -0.218905
-0.247957 0.039434
-0.010314 0.331588
0.269461 0.213609
0.142788 -0.052701
0.072932 -0.244525
-0.060156 -0.094082
0.130100 0.150320
0.093432 0.166630
0.091724 0.338096
0.526610 0.704045
0.248297 0.249180
-0.197741 -0.254617
-0.594474 -0.600492
-0.273921 0.125815
0.238744 0.606519
0.513096 0.348324
0.046297 -0.279930
-0.083562 -0.175901
-0.168729 -0.139019
0.077573 0.167981
0.132784 0.296055
0.145882 0.190670
-0.142502 -0.023233
-0.108154 -0.072035
0.142705 0.022521
-0.224771 -0.510278
-0.334509 -0.618333
-0.199238 -0.110522
0.024669 0.042192
0.012352 -0.015740
0.076682 0.076562
-0.250015 -0.277612
-0.054177 0.170337
-0.162220 -0.154271
-0.078368 0.196897
-0.132633 0.206833
0.037274 0.537500
0.265530 0.254759
0.166716 0.233822
0.079741 0.423198
-0.074052 0.094820
-0.135591 -0.121927
0.171129 0.406153
0.150730 0.092214
0.158831 0.048242
0.072642 0.065836
-0.152547 -0.004413
-0.049656 0.476107
0.039408 0.358448
0.147629 0.048551
-0.008734 -0.387813
-0.103362 -0.028054
-0.156801 -0.274859
0.374222 0.511788
0.304269 0.200451
0.271427 -0.110220
0.238273 0.008178
-0.183488 -0.320931
-0.193856 -0.438837
0.060104 0.106803
0.291853 0.400868
0.135153 0.260570
-0.232291 -0.399205
0.096490 -0.003105
0.189242 0.377772
-0.009334 0.078140
-0.102900 -0.408372
-0.259374 -0.476696
-0.042132 0.049856
1.765342 0.586335
0.292251 0.458862
2.101162 -0.246324
0.343297 -0.345136
-0.219699 0.198376
-1.079978 0.427375
-2.887250 -0.215145
-3.813267 -0.765841
0.954426 -0.303119
6.053575 -0.430260
2.028330 -0.203123
-1.994647 -0.063660
-2.788880 0.105718
0.324052 0.075813
0.909146 -0.122253
-3.219009 -0.204438
-0.759494 -0.437776
-0.567262 0.028361
-1.522535 0.128067
-1.107531 0.214526
0.915071 0.345716
0.410147 0.245232
0.674931 0.111352
2.812775 -0.130922
0.192521 0.060286
-0.721143 0.028078
-1.963014 -0.307722
-1.872991 -0.323150
-1.938315 0.212652
-2.299618 0.797465
-2.224348 0.648152
-0.580562 -0.175976
-1.211631 -0.682657
-1.293221 -0.954913
-2.985700 -0.234477
-4.002604 0.595454
-1.824504 0.466358
0.913693 0.011335
3.180939 -0.279687
2.341151 0.315258
0.945051 0.763290
-0.879673 0.231436
0.509632 -0.502870
-0.581646 -0.510692
-0.085012 -0.572887
0.542447 -0.561137
1.600059 -0.008753
2.449707 0.304933
0.428618 0.040283
-2.366733 -0.249748
0.011121 -0.079439
-0.419522 0.008756
0.851862 -0.222094
-0.539219 -0.072795
0.268868 -0.154971
1.765993 -0.187642
1.020997 -0.232674
0.569464 -0.266571
2.191547 -0.328559
3.386310 -0.039818
1.103076 0.125581
-1.852253 0.067940
-2.023993 -0.096803
-1.204320 0.250734
2.370971 0.273271
3.176563 0.115594
-0.159032 -0.125925
-1.978059 -0.029336
-0.254071 0.425885
0.628444 0.227179
0.758392 -0.115373
0.411381 -0.579299
0.047328 -0.220535
-1.369719 -0.071885
-1.622109 0.139200
-2.558148 -0.106969
0.130421 -0.125485
2.043548 -0.383600
1.906496 -0.082293
-0.277379 0.388924
-1.938328 -0.038025
-0.840877 -0.107495
-0.119859 0.150888
1.251869 0.222409
2.728741 0.058724
1.870544 -0.437929
-0.261674 -0.410233
-1.073176 0.136969
-1.147719 -0.124125
-0.576796 -0.148036
-0.713437 -0.210605
-1.140105 -0.169110
1.618850 -0.059114
1.378401 0.285851
1.560169 0.262231
-0.237606 -0.495171
-1.027276 -0.401109
0.770990 0.262869
0.216927 0.445515
-1.610811 0.426094
-0.420909 -1.119836
-0.933856 0.304025
-3.424959 1.750611
-2.205981 2.338996
-1.617684 0.386529
-1.091893 0.425661
0.766101 2.002691
-0.491775 2.882517
-1.368915 0.593243
-1.375211 -2.886355
1.112133 -2.257809
1.198780 -0.018716
-1.815303 1.785497
0.557575 3.643390
4.359255 2.362594
2.311830 -1.334758
-1.542389 -2.089338
-0.802701 3.244492
-1.014875 4.755071
-0.632700 0.348362
0.323136 -2.640674
1.773232 1.105826
-2.073755 -0.670281
-2.207841 -0.764887
-0.186435 -0.698360
1.876518 -0.607559
-2.002522 0.736359
-3.631461 1.030247
-3.145127 0.645586
1.290352 -0.145594
2.448568 -1.378099
-0.066213 1.293813
1.415179 1.652668
1.899433 2.158845
0.171672 1.065092
-2.179550 -0.241104
-2.355676 0.158078
0.359237 0.027752
0.549428 -0.071999
-0.769366 1.299828
-1.912918 1.963150
-0.060423 -0.738420
0.867645 -1.446307
1.373883 -2.463501
1.100200 -1.035277
-0.372315 2.018999
0.468522 -1.587818
-0.314491 -0.123221
-1.934243 -0.642849
-1.462845 -1.560496
-1.663656 1.171812
-1.905974 0.989303
-1.214757 -3.838039
-0.628914 -2.934666
0.995958 -3.906763
0.232916 0.706169
1.114684 2.952633
0.801045 0.709324
2.148754 -0.314934
2.536623 -1.395312
0.410429 -0.565391
-5.031555 0.510020
-4.660986 -2.305681
-1.048381 -1.715255
0.791224 2.377403
-0.057820 3.562345
1.381517 0.649010
2.644790 0.190629
2.089581 -0.337798
0.476503 -1.879757
-1.135951 -2.092930
0.168920 1.785137
0.593687 1.829805
0.358108 0.242064
-1.605488 -1.350869
-0.435529 -1.636179
1.351253 2.210413
0.926636 3.715043
-0.294686 1.742703
0.312604 -3.644442
-1.151544 -4.466351
0.823226 -1.537674
3.498385 2.378038
0.973863 4.223924
0.645365 0.706813
0.940674 -1.182097
-1.456943 -0.304487
-4.117684 0.162836
-3.113644 0.925904
1.584993 0.975241
0.724029 -2.316561
-3.449204 -5.281902
-3.786014 -2.654800
0.995006 3.392433
0.705176 3.671348
-1.532735 0.661445
3.026099 -0.868524
4.186769 -0.631098
0.558621 1.770808
0.042005 1.696422
0.143536 1.129527
0.234320 3.444606
-0.127092 -0.346753
-0.292947 -0.917845
-0.296208 -0.027894
-0.083643 1.699115
0.135050 2.262698
0.106864 0.980527
0.041490 -1.108796
0.172705 -0.733994
0.125058 -0.514135
-0.224102 1.847617
-0.220401 1.373223
0.233112 1.153963
0.125818 -1.653172
0.109197 -1.826661
-0.017785 -2.096571
-0.053342 -2.196594
-0.055634 1.195018
0.129185 -0.702687
0.073227 0.208451
-0.047996 -0.092058
0.018229 -1.578198
-0.014365 -0.651468
0.048825 2.320705
0.189091 1.526616
0.283335 -2.765771
0.083591 -2.825212
0.007935 0.302694
0.095820 0.459767
0.039965 1.781946
-0.020449 -2.441972
-0.123662 -6.481269
-0.122563 -3.556533
0.008627 -0.129797
0.146979 3.222194
0.019126 3.538690
-0.177151 1.919708
-0.013458 -0.762871
0.253914 -1.977971
0.148947 0.066734
0.112560 1.680198
-0.227941 -0.813279
-0.193998 -1.977058
0.091410 -2.565174
0.273570 -1.170672
0.078907 -3.102049
-0.223947 -3.749504
-0.227575 -0.312726
-0.000437 2.000391
-0.219002 -0.099497
0.070696 -0.272139
-0.038799 1.319170
-0.212516 -0.700550
-0.410679 -2.621087
-0.136519 -1.159877
0.178541 0.061410
0.250448 1.630081
0.006796 -1.355193
0.039075 -2.250496
-0.010081 1.337874
0.147458 0.485786
0.265458 -0.889654
0.229070 -1.366352
-0.179618 -1.153187
-0.115909 -3.404848
-0.190273 -3.931151
-0.238935 -2.670343
-0.036910 -1.918389
0.189420 2.547532
0.097174 2.552179
0.141269 3.918250
0.188043 2.320822
0.039437 -0.937915
-0.064636 -1.090137
-0.130092 -0.839220
-0.187804 0.875367
-0.051562 2.994195
0.034556 -1.901084
0.106889 -4.896723
-0.171336 -2.038694
-0.268037 1.752518
-0.070722 2.720723
-0.066643 1.790901
0.227194 2.536058
0.385813 2.337026
0.142913 0.838169
-0.114946 -3.728646
-0.153823 -1.531223
0.181745 2.012024
0.309801 1.815421
0.186248 2.115732
-0.190800 -0.067820
-0.325759 -3.575131
0.032370 -2.903048
0.273399 2.105408
0.100750 6.105134
-0.610606 1.350959
-0.309988 -5.693022
-0.042580 -2.979437
0.081266 0.749834
0.038563 2.070456
0.143290 1.394894
-0.060357 -0.288704
-0.150221 -0.746529
-0.162202 -0.192767
0.206993 0.616361
0.449363 0.751502
0.337457 0.392805
0.129946 0.129517
-0.115742 -0.256831
-0.240675 -0.715327
0.001321 -0.264732
0.320778 0.747992
0.185762 0.674246
-0.178545 0.082088
-0.347576 -0.479182
0.144429 -0.103931
0.167443 0.189328
-0.112270 -0.014839
-0.162092 -0.200728
-0.047451 0.001949
0.016880 0.117863
-0.047680 -0.018677
-0.067884 -0.021563
-0.223625 -0.520482
0.050435 -0.085161
0.123534 0.297639
-0.136752 0.226591
-0.046959 0.220004
-0.197378 -0.366732
-0.086096 -0.706096
0.261241 -0.060008
0.372175 0.426657
0.201953 0.771959
0.090290 0.320932
0.080183 0.003611
0.190636 -0.071178
0.005980 -0.230808
-0.192478 -0.326036
-0.182830 -0.173247
-0.241720 -0.204970
-0.138861 -0.353121
-0.026690 -0.010797
0.376773 0.363786
0.389750 0.058417
-0.222754 -1.002921
-0.327072 -0.333995
-0.092898 0.210965
0.281899 0.595199
0.239132 0.269168
0.132051 0.009637
0.016345 0.024601
0.148764 0.162892
0.208638 0.083490
0.055681 -0.129290
0.017279 0.014456
-0.109531 0.013476
-0.113603 -0.315641
0.052085 -0.574625
0.124149 -0.220905
-0.005291 -0.144376
-0.197601 -0.004635
-0.180314 0.127157
0.246310 0.585458
0.492965 0.614888
-0.041573 0.014459
-0.375966 -0.483628
-0.045360 0.138650
0.115847 0.235062
0.134983 0.419665
-0.079490 -0.244024
-0.083019 -0.243817
0.080233 0.138784
0.206463 0.477778
0.022549 0.040538
0.174075 0.110283
0.199170 0.099000
0.050287 -0.067777
-0.035719 -0.233963
-0.170682 -0.077723
-0.154959 -0.065897
-0.078606 -0.052761
-0.194185 -0.180921
-0.048311 0.172916
0.359029 0.258247
0.551461 0.620912
0.186710 0.430285
-0.261305 0.246941
-0.158660 -0.147832
0.062864 -0.093312
0.115284 -0.068853
-0.224005 -0.140170
-0.278736 -0.151506
0.234392 0.420617
0.397762 0.313840
0.532835 0.273935
0.077751 0.087841
-0.493111 -0.581313
-0.377742 -0.379663
-1.756943 0.298000
1.441320 0.403116
0.371379 0.318058
1.187923 -0.124180
-0.474037 -0.047734
0.619625 -0.071991
-0.692087 -0.195871
1.887912 0.014488
3.265259 0.197812
1.469181 0.162439
-4.733437 -0.466596
-5.927897 -0.770595
-2.712242 -0.553920
1.836543 0.043376
3.581812 0.707785
1.800121 0.216797
-0.884904 -0.207309
-0.829950 -0.055187
0.507608 -0.605993
-0.381535 0.103456
-2.918557 0.200111
-0.992193 0.144379
0.261363 -0.257618
-0.207574 -0.774253
-0.952008 -0.429749
0.617665 0.192242
3.382445 0.797749
2.668512 0.245353
-3.743632 -0.356579
-1.330404 -0.089655
2.751827 0.090656
2.095019 0.202292
0.472410 0.157323
-3.091188 -0.066868
-2.378505 0.099510
1.648287 -0.084794
3.777656 -0.337001
3.271123 0.209444
-0.020344 -0.046532
0.330707 -0.406971
-0.253064 -0.062828
-1.541667 0.647789
-1.512183 0.323334
0.107327 -0.302433
3.509455 -0.255926
1.727659 -0.218776
-1.902354 -0.130420
-2.598866 -0.123403
-1.119564 -0.422511
2.185214 -0.592222
3.360456 0.031290
0.693629 0.141469
-1.479685 -0.162517
-1.221772 0.213647
1.548777 0.109616
1.713174 0.442284
0.235106 -0.170304
1.188092 -0.009008
-2.341777 -0.072048
-2.800688 0.247679
-0.863811 0.349580
1.189133 0.058460
-0.275940 -0.398921
-2.228818 0.051598
-0.862118 0.416331
-0.617779 0.181381
-0.382609 0.042048
0.893537 0.117347
-0.748508 0.272607
0.533539 0.008934
0.285628 -0.413387
0.523549 -0.063784
1.283019 -0.060479
0.453139 0.376942
-2.403260 0.348185
-4.813821 -0.260791
0.400778 0.096198
2.157745 -0.045557
1.815056 -0.139962
0.362547 0.253236
-1.634929 0.102508
0.853346 -0.579082
1.733768 -0.696283
0.996943 -0.148735
0.599830 0.246161
-2.647918 0.180389
-4.078121 0.033189
-1.425903 -0.182180
1.993544 -0.443504
-0.357268 -0.110211
-0.013856 0.134716
2.200995 0.246481
1.341480 0.131826
1.353696 -0.145809
3.075514 0.170135
3.594017 0.157173
0.448582 -0.103051
-1.146831 -0.038577
-1.775329 0.244399
-1.239450 -0.139818
-0.640031 0.416609
1.401855 2.981720
-0.026076 2.555998
2.604555 0.501522
5.274444 -0.098788
3.463085 -1.102897
-3.264285 1.414080
-3.494975 -1.038224
-1.861738 -1.951350
-0.617976 -0.632503
0.893301 -0.269158
0.473014 0.411915
-1.716098 0.578145
-0.312446 1.843273
1.304655 -1.047958
0.187482 -1.851012
-1.219468 1.393576
-0.513515 1.830414
2.130108 -1.404254
-0.132311 0.924943
2.038362 1.733259
1.443702 0.142370
2.265864 -1.363631
1.790036 -1.380798
-2.398986 -0.965154
-0.198129 2.629478
0.822453 0.050344
0.366273 -2.057689
1.361422 -1.186012
2.287100 3.913922
1.076946 2.933089
-2.077809 0.990191
-3.233060 0.474641
-0.453122 -0.308112
2.019410 -1.911444
2.602707 -0.958252
0.505100 0.727575
-2.454074 -0.362411
-3.380995 1.703836
-2.000438 2.698403
0.764787 0.577086
1.133618 -2.720012
0.810186 -2.901960
-1.259779 -0.909152
-0.199019 4.923044
-0.341135 2.727536
-0.444267 0.742452
-1.626869 0.552637
-0.745824 0.603621
3.121232 1.612139
0.796221 -3.343866
-1.031578 -4.443291
-0.316847 -1.005099
-2.112110 -0.742407
-4.796861 0.926939
-1.677485 -0.391435
1.487146 -1.826898
3.184988 0.178188
-1.300821 1.122830
-3.185052 1.325709
0.514254 3.410509
1.755751 0.651328
-2.127489 -0.220470
-0.389232 0.211010
-2.464684 -1.205066
-2.789937 1.133733
-0.673167 3.069045
0.034758 -1.093868
1.013690 -3.109743
0.202188 -0.794683
-1.229997 -0.135482
-1.303091 -2.387591
3.615424 0.074513
1.584634 1.999337
0.953242 2.151590
-0.485663 -4.063474
0.419404 -4.255491
1.429746 0.877148
0.421426 0.995301
1.301115 -0.404624
-0.183928 -0.011899
0.653949 0.304277
0.742613 -2.443342
1.304246 -0.819835
2.470738 4.543161
0.149830 2.058510
-1.700174 -1.178398
-1.832514 -0.718560
-0.674236 -0.684916
1.938231 -0.931406
1.730526 0.344283
-1.102724 1.316917
0.477348 -0.907219
-0.408098 -1.941621
-1.417445 -0.685602
1.287803 2.872651
0.328499 0.015756
-1.919063 -2.197614
-1.144820 -0.394518
-0.691109 0.747918
0.387545 -0.043191
0.625206 1.435128
0.460445 -0.973340
-0.175045 -0.059635
-0.377423 -1.245356
-0.298065 -0.042670
0.053704 0.147677
0.022610 -2.595456
-0.057338 -4.131390
-0.261672 -4.963105
-0.206077 -1.564456
-0.212915 1.148770
0.149262 3.371283
0.660431 0.468748
0.364014 -0.818495
-0.208261 -0.238363
-0.017326 1.926408
0.058757 4.744019
0.007683 2.877569
0.061035 -0.780437
0.229862 -3.078524
0.234424 -2.149471
0.216070 0.163444
-0.008055 -0.008063
-0.242542 0.384343
-0.313103 -1.790799
0.186393 -2.654651
0.077336 -3.186486
-0.302726 -0.392150
-0.588530 0.607180
-0.219410 -0.669088
0.221577 -4.005443
0.030017 -0.445963
-0.190374 1.063969
-0.508798 -1.537564
-0.136956 -2.021860
-0.008860 0.355736
0.196715 1.188584
0.135674 2.038328
-0.239413 -0.021576
-0.266636 -0.456612
0.115819 -1.414478
0.119602 0.796161
-0.031124 2.579969
-0.053081 -0.706687
0.121889 -1.192791
0.090228 1.529031
0.173952 2.543009
-0.163745 -0.060929
-0.277710 -3.893258
-0.118505 -1.641632
-0.052512 2.358375
-0.021693 1.183573
-0.020073 -0.698903
0.123219 -2.511150
0.177072 -2.722640
0.198601 0.047193
-0.111699 2.742109
-0.114078 1.311707
0.130772 -0.197711
-0.044873 0.105502
-0.024511 -3.083633
-0.011649 -2.386701
0.100560 -0.053916
-0.091534 -1.294443
-0.153840 2.169528
0.084921 3.573387
0.074764 1.117008
-0.017243 -1.049626
0.145125 0.402246
0.216904 0.582102
0.193959 0.863695
-0.175985 0.885684
-0.503936 -1.694767
0.098213 1.822148
0.285632 -1.142616
0.136161 -2.890404
-0.021999 -2.118169
-0.013952 2.046958
-0.053299 1.881698
0.115218 0.538956
-0.258635 -2.286037
-0.230037 0.135652
-0.019466 -0.074794
0.173139 0.410558
-0.135379 -2.998873
-0.246513 -2.726801
-0.371412 -0.615170
-0.336593 0.339602
-0.011804 -1.393490
-0.101873 -1.033831
-0.140973 0.253730
0.049363 -1.041076
0.117543 -0.479463
0.099024 0.657728
0.030980 0.339915
-0.110996 0.693859
0.052296 0.272567
0.078134 0.872310
0.063494 1.877997
0.013214 0.772614
-0.193133 -0.534663
-0.181311 -0.899431
-0.026893 -0.132290
0.231303 0.461294
0.451485 0.590930
0.291263 0.226947
-0.130223 -0.442412
-0.377990 -0.371644
-0.143573 0.068077
-0.002080 0.106745
0.104106 0.374110
0.191156 0.219777
-0.021720 -0.152893
-0.001329 -0.239032
0.156517 0.247891
0.080470 0.139576
-0.189363 -0.311886
-0.028667 -0.419793
-0.032060 -0.245834
-0.102592 -0.233466
-0.083896 0.022713
-0.026550 0.036184
-0.118043 -0.318446
0.141390 -0.122610
0.390581 0.593438
0.137538 0.315893
-0.196863 -0.087644
-0.148043 -0.194804
-0.110547 -0.164397
-0.075414 -0.052986
0.000779 0.125721
-0.118970 -0.133010
-0.088881 -0.240259
0.113083 0.045088
0.065817 0.278028
-0.015667 0.335694
0.103938 0.002915
0.397746 -0.156928
0.299467 0.185330
-0.017650 0.254359
0.000968 0.235461
0.242992 0.206314
0.389910 0.299852
-0.167313 -0.317898
-0.290031 -0.262695
-0.125621 0.029196
-0.012988 0.160753
-0.100954 -0.192097
-0.074762 -0.378224
-0.042349 -0.037730
-0.106641 -0.056057
-0.165799 0.045017
0.168902 0.328081
0.421458 0.304509
0.152093 0.059027
-0.341469 -0.366696
-0.114713 -0.171227
0.094400 -0.046535
0.080680 -0.046420
-0.026186 -0.181685
-0.101294 -0.016713
0.151101 0.264128
0.165905 0.013626
-0.041535 -0.196145
-0.310743 -0.134505
-0.171503 -0.164797
0.159549 0.194345
0.094303 0.076749
-0.023068 -0.265790
0.042845 -0.006294
-0.034326 0.062439
0.250718 0.157884
0.094399 0.094473
0.104109 0.077936
-0.087210 -0.175967
-0.156265 -0.443463
0.139013 0.073942
0.128812 0.316463
-0.100459 0.014840
-0.356803 -0.547965
0.076855 -0.077377
0.193523 0.017240
-0.051183 -0.285977
-0.176828 -0.481546
-0.045078 0.116036
0.226914 0.663588
0.335233 0.855464
0.194683 0.506380
-0.171440 -0.341051
-0.272253 -0.445523
0.169834 0.044014
0.256876 0.179587
0.320055 0.487528
0.150011 0.264384
-0.357036 -0.579325
-0.342837 -0.444933
0.123832 0.166442
0.031064 0.113883
-0.337000 -0.177077
-0.087285 -0.116032
-1.563431 0.072915
0.358891 0.183511
0.876415 -0.060670
2.452932 -0.595107
3.972789 -0.026669
1.943777 0.399660
-3.897503 -0.151087
-2.992805 -0.190142
1.614688 0.121795
3.911187 0.166237
1.523009 0.217968
-2.555315 -0.249967
-3.991491 -0.621074
-1.668451 -0.079508
0.212713 0.353357
3.123988 0.280435
2.233859 -0.237180
0.332750 -0.215203
-1.840176 -0.131557
-2.107375 0.029712
-2.658906 0.349006
1.094118 0.116179
1.029529 -0.444886
0.931842 -0.297232
-0.270197 -0.246519
0.768244 0.052347
-1.334299 0.348884
0.323040 0.424949
-0.633758 0.212574
-1.241722 -0.177684
2.056701 0.207326
2.325681 0.714260
-0.323182 0.422695
-0.448958 -0.150302
3.757449 -0.158260
6.250754 0.097792
-1.693681 0.082610
-4.636612 -0.096237
-4.601497 -0.180803
-1.293857 0.306895
-0.921925 -0.252388
-0.430786 -0.691793
1.924275 -0.141362
-0.535888 0.620980
-1.405122 0.231649
-0.209310 0.308955
-2.389559 -0.276624
1.229934 0.052555
3.887026 -0.027043
1.296334 -0.327364
0.183663 -0.260837
-3.289887 -0.102099
-0.840876 -0.174974
1.072256 -0.041290
3.869705 0.514333
-0.263158 0.118396
-4.342209 -0.073838
-1.651619 -0.221697
1.528659 -0.109127
2.645097 0.528580
-1.163671 0.194254
-4.117529 -0.432113
-2.419304 -0.399719
2.630265 -0.088600
3.233604 0.636202
0.969155 0.521195
-0.876539 0.233754
-0.453309 -0.389213
-0.382604 -0.432789
-0.056048 0.085969
-0.668404 -0.235263
1.012266 -0.095363
1.745023 0.094922
1.381072 0.100372
0.339556 -0.289510
0.390359 0.349320
-0.277921 0.539440
-2.262670 0.730597
-1.802655 -0.012518
2.561008 -0.398428
3.272845 -0.444732
-0.166693 -0.250599
-0.540709 0.398666
0.641128 0.588211
1.575500 0.095436
3.799792 0.134194
3.119367 -0.509190
0.789329 -0.483040
-2.328816 -0.119308
-0.527726 0.367899
-1.633547 0.268285
-0.510763 0.068705
3.063504 0.255456
0.920521 0.001433
-1.585239 0.139540
-1.274535 -0.242957
0.504184 -0.098226
0.443446 0.574655
3.189123 0.976606
-1.088115 -2.907508
-4.261997 -0.976070
-2.024613 2.055138
1.349694 2.062558
0.437516 0.589970
-2.367126 3.550955
-3.945160 1.489162
-1.169569 0.154020
1.290996 -0.508285
1.994960 2.814689
0.141095 0.337970
-0.315040 1.311125
-3.113976 3.326229
-2.108564 -1.181916
0.559423 -2.787379
3.958246 -1.603196
1.623491 -0.599714
-3.358123 2.427030
-3.081054 3.767944
-0.201306 -0.484071
1.226304 -2.052295
-1.112431 -1.786673
-0.717401 1.138519
1.453525 2.308345
1.127137 -1.045693
-0.695751 -1.899009
-2.059858 -2.075565
1.171706 0.425990
1.767928 -0.922176
1.018945 -0.630753
-0.216987 0.994550
2.740791 0.117699
1.811067 1.166858
-0.611834 1.464328
-0.416295 -1.933448
0.014511 -4.332306
1.239574 -1.283070
-2.176968 -0.344782
-1.751310 -2.584662
2.196474 -4.717791
2.315211 -2.635492
-1.442293 -0.588475
-2.135795 -0.998557
-2.385318 -2.856247
1.213961 0.232184
3.199321 0.424482
4.940535 1.677062
2.706851 -1.750867
-0.397533 -4.491690
-4.627341 -0.625713
-3.515150 2.686487
-0.110165 1.523822
0.706650 -1.576663
-0.846517 -2.407199
-1.128299 -1.874916
0.394739 3.154404
1.830034 2.983677
0.529347 -2.146280
0.727287 -3.305777
-2.339714 -1.398239
-1.039465 -2.039204
1.607861 -0.068401
3.733015 0.720536
2.452782 -2.156106
0.535743 -0.018540
1.575537 1.771576
-0.221468 -0.368258
-0.131909 2.511671
-0.384201 2.435384
-0.029080 -0.668785
3.688087 -2.743573
2.629583 -1.348629
1.498259 0.098898
0.220977 1.476755
3.624373 0.111377
3.288205 -2.403725
3.077181 -0.166563
1.236161 3.529782
-4.141529 2.489993
-1.445531 -0.855508
3.717444 -2.213806
3.840651 -5.051389
-0.329286 -0.936444
-2.859451 0.139719
-0.208749 -1.993451
0.209806 -1.056573
2.171627 1.678583
3.643684 2.866837
2.616269 1.407091
1.648025 1.673656
2.271657 -1.844500
0.531807 -0.318171
1.421824 0.918626
1.428572 3.609396
0.222230 0.470089
1.226748 -3.349253
-0.621067 0.862865
0.337161 0.081226
-1.106123 -2.589144
-1.126274 -2.307043
0.112934 3.491172
0.727024 1.599021
0.118288 -0.677260
-0.293334 1.567575
-0.269804 2.321171
-0.051447 1.695153
-0.109536 -2.684962
-0.164399 -4.390038
-0.159357 -3.315067
-0.057822 2.190278
0.339873 1.434791
0.155668 1.039352
0.027752 -0.340884
-0.307920 -2.156638
0.118179 -3.782465
0.230912 -1.556845
-0.055081 0.668418
-0.094786 2.742121
-0.040085 2.516213
0.050582 2.349511
0.095280 2.264825
-0.151275 -0.466374
-0.116482 -3.153610
-0.209313 2.084359
-0.031648 3.035884
0.045346 3.048018
0.069628 0.641697
0.196124 -1.785825
0.118311 0.087708
-0.127323 2.280545
-0.036158 -2.411202
0.113999 -2.462889
-0.018519 -1.668122
-0.110934 -0.518082
-0.310517 -2.103154
-0.074284 1.925935
-0.126190 2.934833
0.196819 -0.566145
0.213688 1.078291
-0.056655 1.495907
-0.262065 -0.151122
-0.145786 0.732874
0.235447 2.032337
0.140807 3.798397
0.027528 4.191838
-0.037280 0.735114
-0.106291 -1.248569
0.048203 0.176378
0.399059 4.233067
0.375915 2.857752
-0.121998 -4.270978
-0.232310 -3.456378
-0.119244 -0.834189
-0.165235 4.931868
-0.195502 2.855848
0.064956 0.123124
0.252006 -1.178904
0.370058 1.437752
0.180597 -0.546551
0.020583 0.196149
-0.057495 -1.092880
-0.133706 1.237128
0.036671 3.419083
-0.194129 2.898490
-0.069051 -2.835317
-0.232803 -2.628169
-0.117828 -0.149599
-0.066253 1.014005
0.060410 -0.304227
0.070265 -1.021992
-0.216430 -2.513303
-0.077349 0.418498
-0.120310 2.894079
-0.283711 1.164336
0.074794 1.435909
0.082101 1.754094
-0.000319 -3.177486
-0.138553 -3.785742
0.039307 -1.703291
0.075669 -0.471156
-0.026026 1.010259
0.210454 -1.380298
0.292443 -0.756035
-0.113191 -0.610874
-0.260950 1.361317
-0.372523 2.132332
-0.186684 1.031222
-0.020942 -2.508755
0.028592 -3.977220
0.101053 0.938428
0.254844 2.911023
0.019151 0.318065
-0.197909 0.576021
-0.038912 2.227503
0.124136 -1.666588
0.193702 -2.544195
0.039395 -3.302524
0.015300 -0.424544
0.003354 3.579078
0.022487 5.082748
-0.050765 1.364082
-0.061300 -1.833253
0.059386 -1.870248
0.315604 0.088314
0.087113 0.907175
-0.252448 0.594033
-0.002818 -0.088035
0.212046 -0.456284
0.208821 -0.204903
-0.010345 0.059459
-0.252844 0.276472
-0.330209 -0.171944
-0.160438 -0.223044
0.211999 0.008472
-0.092453 -0.171608
0.056905 0.201933
-0.247636 -0.405648
-0.271901 -0.406696
-0.024123 0.119258
0.323919 0.615743
0.376941 0.472480
0.074154 -0.126650
-0.140459 -0.301410
-0.050002 -0.104653
0.306140 0.468729
0.139535 0.105805
0.019360 -0.005077
-0.331955 -0.204560
-0.378874 -0.299704
0.006142 -0.087651
0.115976 -0.070874
0.316444 0.375026
0.065924 0.307214
-0.366414 -0.115664
-0.175771 -0.047416
-0.119358 -0.042507
0.053929 0.349080
-0.138449 -0.079245
-0.104801 -0.059425
-0.146859 -0.183866
-0.104221 -0.234741
-0.214429 -0.322026
-0.006355 0.026564
0.002163 -0.030478
-0.090541 0.276553
-0.068591 -0.153229
-0.030833 -0.152067
0.063146 0.424023
0.165001 0.475164
0.151836 0.129813
-0.040940 0.000292
-0.233757 0.002599
-0.084452 -0.197467
0.058892 0.014982
0.016291 -0.165552
-0.038091 -0.228345
-0.216057 -0.397456
-0.078154 0.007039
-0.111760 -0.249596
0.012177 -0.008193
0.087965 0.261960
-0.208275 -0.443203
-0.227331 -0.442249
0.271465 0.437290
0.174523 0.541313
0.050711 0.037056
-0.040938 -0.208618
0.068997 -0.052056
0.004401 -0.231163
0.001039 -0.230785
-0.107275 0.017185
0.044070 0.360528
0.373481 0.561688
0.099558 0.050647
-0.152576 -0.320565
-0.069091 0.073363
0.078684 0.268482
0.182084 0.191961
0.235076 -0.026314
0.179934 0.214609
0.315601 0.377591
0.155115 0.403817
0.067166 0.413003
-0.185537 0.021429
-0.025293 -0.086024
0.175898 -0.100345
0.093521 -0.108055
0.214866 0.148531
0.134124 0.283981
-0.233008 -0.170205
-0.131772 -0.265571
0.017054 -0.083894
0.235558 0.226300
0.163644 0.231123
-0.094974 -0.070906
0.001562 -0.044870
0.038894 -0.437672
0.206938 0.063362
0.074372 0.536290
0.077456 0.362145
0.728139 -0.362631
1.968837 -0.174888
1.278759 -0.110289
1.865570 0.466279
-0.503808 0.051265
-0.335785 0.076279
-1.324467 -0.176876
1.097482 -0.440307
1.588490 -0.501568
0.773581 -0.666458
0.829154 0.026422
1.829376 0.167380
0.222718 0.124809
-0.062878 0.050975
-0.812186 0.241738
0.366676 -0.047702
2.843304 -0.029095
-0.113486 -0.247407
-1.504124 -0.172418
-2.258620 0.239209
-0.236098 0.277338
-2.029146 -0.301271
-1.081938 -0.229545
-1.812474 0.259548
-1.806642 0.580061
-1.773533 0.235712
2.599869 0.301677
5.206961 0.142304
1.449439 -0.154119
-2.302975 -0.077708
-2.369138 -0.082218
-0.735121 0.654533
2.088312 0.710116
-0.724476 0.129654
-1.377773 -0.542316
-2.095189 -0.583391
-1.504148 0.100912
-2.539467 0.066559
-2.508280 -0.154751
2.089342 -0.203760
2.489806 -0.410556
-2.693261 -0.578058
-3.112165 -0.022732
-1.928508 -0.014871
0.020761 -0.059165
-2.457996 -0.374722
0.898952 0.418090
0.186788 0.236396
-1.049511 -0.065353
3.543358 -0.280498
-1.267658 0.106429
-0.244005 0.022103
2.387600 0.151959
5.418740 -0.019524
2.917922 -0.277528
0.739235 -0.261914
-0.193898 -0.137950
-2.089172 0.003035
-2.833027 0.059858
-1.784425 0.048253
-0.985700 -0.351930
-0.868505 -0.269323
-0.897239 0.133566
-0.360730 0.196089
0.273068 -0.241212
-0.142374 -0.004377
-0.945635 -0.000137
-3.823524 0.346123
-1.866490 0.179012
2.442183 -0.180693
2.071200 -0.188494
-0.891607 -0.130364
-0.443915 -0.427440
2.543461 -0.142909
5.777735 0.425306
1.226155 0.278304
-1.065006 -0.193162
-3.840660 -0.487893
-2.725096 -0.267718
-0.168944 -0.319473
1.953669 0.171872
0.128077 0.584864
-0.142143 0.497843
1.465944 0.204935
0.890774 -0.361894
-0.002880 -0.284840
-1.578130 0.204383
-2.585719 0.464208
-0.345752 0.158751
0.827261 -0.126787
1.408301 -0.359272
-2.276002 -0.193233
-2.114781 0.154563
-0.569511 0.186754
0.512399 0.104869
0.740440 -0.465816
2.109142 -0.129937
0.543732 -0.223729
-1.177345 0.161627
-2.007278 0.132780
-1.975760 2.649320
0.216352 1.155336
-0.244111 0.367648
0.689666 2.748523
-2.717261 2.281041
-5.561141 -1.118476
-2.034195 -0.174150
0.494800 -0.771171
0.687025 -0.052421
-0.351183 1.831299
-1.631716 1.057703
-1.676144 -1.395912
-0.742398 -1.956016
0.765040 0.654656
0.707471 2.327951
2.016704 0.439561
2.385472 -0.670362
-1.085046 -1.303643
-2.050495 0.266128
-2.050109 2.818845
-2.656152 3.318097
-1.965201 0.587187
-1.268739 -0.303100
0.561164 -2.550667
-2.077717 -2.027096
-5.788118 1.967088
-3.012092 4.049904
4.037995 3.251202
1.789429 -0.455986
-0.877329 -1.532707
1.290001 -4.210301
-0.958693 -1.436098
-1.966916 -0.197547
-1.389719 0.452785
-1.259368 0.255492
-2.346294 -1.518271
2.340856 -2.826853
4.015068 0.023730
0.897516 4.106720
-0.478982 2.811403
0.313600 -0.777950
1.012108 -5.574615
1.694320 -1.429248
1.956805 1.610109
0.285288 1.089788
0.456697 -1.932949
1.607336 -0.690096
1.278848 0.295832
-0.759178 0.648118
0.791031 1.077540
0.245636 1.762077
-0.468777 2.455034
-2.356243 0.556125
-0.068338 -2.598353
-0.254978 -1.868485
2.432295 -2.960720
-0.061909 -0.235494
-1.830954 -0.256321
4.009319 0.045939
3.123937 2.298689
-1.549608 0.893868
-0.424345 -2.363039
2.139210 -2.150362
3.293228 -1.932185
2.551208 -1.927542
1.230826 1.109247
-2.991026 2.134092
-2.526740 0.686158
2.509559 -3.215378
0.841404 0.197003
0.530498 1.359700
-1.099678 -0.174423
-0.716424 -1.473366
-3.625646 -0.811616
-3.057834 0.425772
0.649613 1.107043
0.036583 1.463200
0.660090 2.000126
-1.011021 0.602594
0.967039 -0.413446
-0.380585 -0.730753
-3.333495 0.657721
-2.644341 2.038760
0.769160 -0.397892
0.326532 -5.205949
2.341010 -3.559159
2.579253 -4.359859
2.516090 -0.712932
-0.476502 -1.711196
1.294299 -2.689669
0.823028 0.665113
4.995349 1.818978
1.343182 0.482001
-0.481701 0.645368
1.723723 2.673719
1.643621 -1.193552
1.580770 -3.106252
2.217825 -1.546754
-3.309787 -0.008852
0.538876 2.852333
2.072851 0.390321
0.974157 1.246785
-0.347854 0.558257
-0.548288 -2.608629
-0.424340 -0.130774
0.052282 -0.579824
0.480074 -0.815824
0.411106 0.523796
0.002755 4.533468
-0.257063 1.523279
-0.300799 -3.776462
0.072561 -4.035998
0.194077 -2.139388
0.011226 3.292411
-0.042600 1.813909
-0.264954 -0.215938
-0.122559 -1.611036
0.052254 -0.837764
0.219055 3.677394
0.084819 2.042294
-0.011240 2.016387
-0.094490 0.636955
0.179085 0.329657
0.199611 -1.123027
-0.210897 -1.616443
-0.441228 3.350526
-0.162801 4.171749
0.295166 3.009839
0.550096 -0.252661
-0.061994 -0.402728
-0.230693 0.780369
0.078286 0.598079
0.373797 -0.683024
0.423664 -3.382666
-0.013621 -0.880868
-0.330970 0.065683
-0.302933 0.236546
-0.110701 0.259350
0.015611 1.986097
0.010433 0.202321
0.274912 0.426682
0.095779 0.123946
-0.142980 -1.421823
-0.259077 -0.162137
-0.046244 3.456652
0.366474 4.793271
0.033358 0.296212
0.234085 -4.121673
-0.233554 -3.756584
-0.280352 0.205729
-0.439319 0.754645
0.008535 3.962868
0.261441 2.663671
0.114127 1.017788
0.048969 3.030942
-0.212942 1.692824
-0.108213 -0.110974
-0.130977 1.781578
-0.037754 3.078184
0.013471 -0.184201
0.155568 -0.195079
0.176782 1.705678
-0.046783 2.386843
-0.230182 1.028513
0.074426 -1.094354
-0.037488 -1.688423
-0.080770 -1.436949
0.001898 1.095765
0.213087 2.505223
-0.098249 0.115254
-0.034148 -0.514066
-0.037090 -0.816545
0.056729 -0.495869
-0.006115 1.714850
-0.037902 2.608884
0.057119 -0.756222
-0.273251 -5.365955
0.052492 -4.669310
-0.057700 -1.680356
-0.085873 -0.976857
0.013282 -1.017639
0.082312 -2.719869
0.012137 -1.395973
-0.168740 3.099556
0.199516 4.102799
0.253482 1.856535
-0.140287 -0.065737
-0.354769 -1.511613
0.044409 -1.195156
0.347703 0.671975
-0.058688 1.012315
-0.313991 0.568819
-0.267348 -1.409065
-0.121828 -0.167641
0.288812 1.854858
0.428518 2.999296
0.019767 1.818672
-0.031831 -1.441508
0.251716 0.465468
0.272750 2.215634
0.010539 1.173445
0.077992 -0.042115
-0.156309 -0.520000
-0.201009 -0.063570
0.217450 0.608713
0.672218 1.018814
0.563154 0.670726
0.003022 0.119976
-0.179048 -0.225193
-0.278060 -0.406972
0.088401 -0.032554
0.131131 0.031603
0.084460 0.232838
0.001148 -0.091423
-0.043975 -0.311895
-0.179028 -0.334466
-0.203815 -0.165611
-0.048357 0.231420
0.155736 0.420790
-0.230928 -0.146250
-0.099540 -0.140498
-0.081955 -0.393284
-0.140579 -0.281966
0.001946 0.118096
-0.032111 -0.073092
0.118128 0.197012
-0.053534 0.175967
-0.159347 0.133769
-0.016155 -0.205432
0.040327 -0.356811
0.145711 -0.059077
0.030340 0.125564
-0.200248 -0.124808
-0.347278 -0.326809
-0.178326 -0.270389
0.210030 0.074966
-0.186217 -0.245172
-0.193385 -0.330864
0.155953 0.017671
0.200547 0.157925
0.015379 0.043588
-0.081314 -0.294348
0.115109 0.017048
0.073235 -0.127324
-0.152118 -0.028705
-0.374731 -0.394701
0.037359 -0.021344
-0.010730 0.235308
0.145198 0.293287
0.236276 0.302924
0.123511 0.480247
0.297976 0.560480
-0.069199 0.245756
-0.071544 -0.064152
0.113158 -0.173612
0.304532 0.188367
-0.129557 0.152483
-0.438777 -0.168265
-0.307212 -0.242515
0.154234 0.131053
0.463061 0.211820
0.544619 0.451169
-0.172157 -0.246791
-0.269434 -0.063162
-0.122948 0.143234
0.018331 -0.139611
0.123115 -0.136911
0.201509 0.143021
0.139251 0.555694
-0.157025 0.277108
-0.146945 -0.359817
-0.222829 -0.621386
0.070299 -0.240536
-0.114759 0.000877
0.161581 0.285059
0.183649 0.466176
-0.146575 0.200250
-0.157336 -0.255425
-0.177052 -0.397651
-0.124702 -0.004170
0.008289 0.249611
-0.059317 -0.310572
-0.075779 -0.202613
-0.297385 -0.428130
-0.299340 -0.401092
0.058230 0.050375
0.100824 0.266094
0.040985 0.121332
-0.021108 0.003082
-0.051777 -0.048706
0.144050 0.358174
-0.084659 0.342500
-0.187428 0.094899
-0.362397 -0.549346
0.069875 -0.231537
0.085061 0.210448
0.247787 0.532365
-0.025413 -0.094064
-0.284547 -0.620292
0.019684 0.109310
-0.328205 0.232695
5.250026 0.179526
3.128176 0.080948
-0.089423 -0.019106
-3.000169 -0.448383
-1.483227 -0.310207
0.293199 -0.095417
0.276995 0.296769
3.899840 0.803570
1.864017 0.219162
-0.855424 -0.454448
-3.762418 -0.308170
-2.785768 0.189966
0.846544 0.245777
2.449013 0.032171
1.965678 0.248616
-0.232637 -0.157798
0.277406 -0.784011
1.054069 -0.054708
-0.635382 0.063349
0.803433 0.164108
-1.783733 -0.173345
-0.082895 -0.333697
0.837183 0.051005
4.225127 0.434602
1.940893 0.460099
-1.335522 -0.038395
-2.277776 -0.488065
-3.142335 -0.404680
0.795705 -0.175604
0.525907 0.467751
1.732374 -0.225967
4.028526 0.109039
3.080385 -0.044314
-0.261491 -0.105603
0.325464 -0.140570
-0.142391 -0.398303
-0.449858 -0.136354
0.200684 -0.064619
-3.516705 0.068153
-4.278686 0.385984
-1.139335 0.346953
0.660042 0.462739
2.239655 0.316597
0.849590 0.142194
-3.287531 0.152469
0.024543 -0.093388
3.778324 -0.128875
0.135037 0.112104
-4.006076 -0.216021
-4.725666 0.236466
-1.040265 0.439066
-0.335259 0.584689
0.028667 0.417427
0.402755 -0.641360
-0.633010 -0.304104
-0.174091 0.217343
-0.016198 0.382398
0.464608 0.361405
0.441190 0.054421
2.136573 0.163226
3.234420 -0.257194
-1.555741 -0.344356
-4.052629 -0.441964
-0.687494 -0.494925
1.471831 0.018868
-1.085400 0.343164
-2.552722 0.298074
-1.019228 0.233950
0.117850 0.255432
-0.421760 0.078374
-0.061143 -0.093237
-0.850324 0.275456
-2.169261 0.377187
0.683697 -0.162858
4.272117 0.208503
5.558962 0.411032
4.610973 0.031166
0.183150 -0.462025
-5.546342 -0.621334
-4.986248 -0.404078
-0.793440 -0.146903
2.094637 -0.222200
2.966704 -0.077749
0.125007 0.526795
-1.908978 0.290079
2.211041 -0.257884
2.162254 -0.105421
0.986525 0.137136
-1.031489 0.257271
0.680391 -0.116233
0.682758 -0.082894
3.648224 -0.426556
4.385683 -0.489984
3.146226 -0.364210
-0.803999 0.213187
-1.654129 0.544371
-0.548046 0.169298
-0.178710 -0.450694
2.628256 -0.235749
0.417335 -0.600358
-0.979138 2.108986
-0.887295 0.225680
1.850419 1.480096
4.314034 0.142491
2.336372 1.159539
-0.168407 2.865228
-0.019597 -0.041226
3.854044 0.477048
0.418361 0.319664
-5.156720 -0.923270
-3.335240 -1.904206
4.864820 -2.990666
5.242926 2.021790
1.297796 6.306169
-2.181611 0.441536
-0.429201 -3.046274
0.942369 -2.530944
2.663894 -1.064616
4.048990 2.429377
-1.090486 1.369487
-1.997066 -1.467757
2.246988 -2.803740
0.186323 1.351778
-4.271393 3.049020
1.667116 -0.075751
3.663705 1.377175
0.056681 4.611979
-2.158035 -0.272407
-3.349091 -6.415585
0.758915 -2.625318
7.263953 1.281831
6.436168 -1.301824
1.818157 0.499741
-0.000028 0.935166
2.231604 -0.665306
-1.003817 -1.176021
-2.449260 -0.592439
-2.270112 -1.295785
-1.041788 2.285995
-0.305906 4.105378
-0.280099 2.705682
-0.832221 -0.056622
-1.091342 -0.887306
0.294883 -3.180733
0.720293 -0.765789
-0.339556 -3.765158
1.030104 -2.059993
1.900511 -1.961430
0.343611 -0.415891
-1.673873 3.635201
2.212561 0.208398
0.803718 0.221409
4.208504 2.130116
0.959656 2.134804
1.823177 2.354352
0.173810 1.010370
-1.599428 -2.759978
-1.445424 -3.347666
-2.342482 2.143793
-3.791896 -0.035350
-1.646408 -1.762305
1.431569 -3.762951
2.544086 -3.408825
0.962338 -1.495117
-0.409866 2.202285
-0.219418 1.980560
1.879981 -1.469820
1.174462 -0.525388
-2.054294 0.595097
-2.377480 0.810885
0.531948 1.769677
4.324717 1.436610
3.093611 0.883875
-1.203424 0.347616
-1.759215 -0.912790
0.286375 -2.411468
3.119154 -5.161625
-0.296157 -3.150124
-2.859423 2.175367
0.667432 1.160622
2.388415 5.072116
3.931218 0.130979
3.801476 -1.084762
-1.024168 0.086095
-2.538175 1.945025
-2.290118 -1.426358
-1.839692 -0.003411
1.149070 2.000311
2.643090 1.370245
1.129637 0.101668
4.048800 -0.194794
0.600780 -0.541211
-1.420285 -1.170404
-0.785970 -0.628462
0.917089 -1.540748
-0.443755 -3.919679
-1.507450 1.147937
-1.028018 6.592979
0.383956 3.995007
0.758901 -3.019262
0.159109 -5.591092
-0.168630 -3.326731
-0.163408 0.653303
-0.393717 3.479954
-0.250115 3.153451
0.117943 -0.168961
0.198519 -2.763987
-0.017535 -0.616611
-0.251175 0.651362
0.248040 0.394578
0.468197 0.252834
0.059976 1.163582
-0.058225 2.944720
-0.193937 -1.419641
-0.197625 -0.234870
0.039062 -1.914392
0.160380 -1.239422
0.048633 -3.292851
0.104999 -0.053092
-0.102305 1.417547
-0.177584 1.943559
0.001140 2.604894
0.193033 0.409659
0.049835 -2.086966
-0.319094 -2.047004
-0.205972 0.323407
0.452566 -0.530973
0.498427 0.059590
0.130764 1.372945
-0.166488 2.109917
-0.076296 0.479243
-0.071034 -3.237057
0.131237 -1.850127
0.205209 0.381728
-0.016957 -0.040205
-0.006782 -4.350655
-0.065139 -1.290137
0.169737 -0.096366
0.334260 -2.574235
0.075030 -1.560709
-0.235745 0.971420
-0.281068 1.443809
-0.159806 -0.657421
-0.191444 0.516224
0.078198 3.663571
0.090464 -1.159402
-0.149782 -5.367200
-0.166993 -5.665871
-0.319909 -1.159355
-0.427579 1.674828
-0.072752 4.634389
0.036674 -1.427951
0.173783 -3.647190
0.078610 -1.184970
-0.312164 -0.528386
-0.070508 -1.250786
0.199022 -0.667486
0.403945 -0.512223
0.105487 -2.077295
-0.144583 -2.573047
-0.255637 -1.417135
0.030210 1.852554
0.152440 -1.964206
-0.122816 -2.086578
-0.112155 -3.110378
0.029593 0.877639
0.284569 2.884329
0.010341 0.184344
-0.114554 1.008610
-0.147636 2.522858
-0.096632 1.038378
0.029857 -1.515833
0.338981 0.855003
-0.022459 -1.258830
-0.212399 0.659191
-0.290847 -0.077287
-0.046798 -3.220391
0.214972 -0.868267
0.336335 2.389227
0.392111 4.753461
0.295288 -0.054265
0.034629 -1.268478
-0.232647 -1.764958
0.027973 -0.321876
0.126462 -1.449270
0.130087 -4.497330
0.016743 -0.927944
0.087869 2.634374
-0.108074 2.889079
-0.084951 -1.375990
0.080728 -0.861434
0.126772 2.053899
0.134893 2.832587
0.148182 1.462690
-0.082553 -2.163287
-0.228601 -2.130936
-0.332912 0.022181
-0.176628 0.405749
0.030593 4.182845
0.154764 2.449846
-0.066186 -0.998640
-0.319539 -2.276228
-0.232068 -1.052264
-0.004363 0.473377
0.179410 0.601017
0.275077 0.327615
0.088812 0.050294
0.015508 -0.311864
-0.219393 -0.599444
-0.154161 -0.123557
0.255745 0.535523
0.283667 0.563581
-0.003336 -0.201911
-0.212909 -0.476662
-0.202397 -0.560981
-0.007617 0.201915
0.076505 0.390125
0.123641 0.040999
-0.026281 0.040872
-0.002319 0.057774
-0.030033 0.287996
-0.041988 0.219700
0.017064 0.485538
-0.045188 0.040555
0.025930 -0.151981
0.171587 0.009306
-0.052334 0.000347
-0.154931 0.150050
-0.176085 -0.259827
-0.279645 -0.600049
-0.225568 -0.797370
-0.196394 -0.375112
0.045027 0.324727
0.232393 0.482986
0.145299 0.247038
-0.065773 -0.193387
-0.052072 -0.105061
-0.006158 -0.209725
-0.119358 -0.507354
0.050001 -0.012711
0.038460 -0.052513
0.156212 0.062717
0.134278 0.297982
0.045589 0.339438
0.294618 0.358463
0.088743 -0.252209
-0.210367 -0.719076
-0.111452 -0.210794
0.249685 0.237598
0.247140 0.167759
0.258000 -0.022341
0.067772 -0.018872
0.013551 0.070708
0.089914 0.497806
0.055717 0.351482
-0.081002 0.123404
-0.092577 -0.420861
-0.107109 -0.369782
-0.139020 -0.189022
0.111224 -0.090239
0.095806 -0.058721
-0.147395 0.010020
-0.105178 0.024325
0.173421 -0.098698
0.280304 0.361097
-0.128314 -0.070060
-0.195243 -0.002985
-0.011814 0.146375
0.098741 0.215610
-0.154812 -0.026561
0.227944 0.121800
0.518443 0.135791
0.216666 0.256137
-0.274394 -0.051277
-0.180249 -0.004011
-0.075056 0.023097
0.094260 0.007922
0.058983 0.110842
-0.166647 0.188032
-0.318198 -0.526218
-0.258614 -0.360141
-0.090626 0.028047
0.203454 0.328428
0.592136 0.579215
0.242908 0.045734
-0.297452 -0.461263
-0.334156 -0.137573
-0.129042 -0.143583
-0.025471 0.006328
0.119036 0.238964
0.078864 0.221181
0.064585 -0.006230
-0.152323 -0.638852
-0.227236 -0.584635
0.097466 0.115862
0.170088 0.512822
0.036304 0.405525
-0.067732 -0.173598
-0.127850 -0.525851
-1.052592 -0.179893
-0.536167 0.353164
1.004213 0.063559
0.875021 -0.139814
0.681524 -0.317596
1.838394 -0.295706
1.140096 0.105697
-0.995289 0.751180
0.250762 0.384075
2.921637 -0.354496
-0.389550 0.008556
-3.641305 0.218560
-1.630691 0.447124
2.423557 0.278626
0.006939 -0.059238
-1.143532 0.211345
0.547479 -0.059081
3.825810 0.158512
2.549066 0.419240
2.173703 0.084739
1.768549 -0.101661
-0.259495 -0.246341
-1.191192 -0.389878
4.122949 -0.250540
1.535784 0.444661
-3.558901 0.269943
-1.853610 0.275667
1.975988 0.096603
0.899455 -0.196132
0.407191 -0.153287
2.833599 0.110878
5.638364 0.139715
2.469002 0.148870
-2.981871 -0.043814
-6.876518 -0.103259
-1.196373 0.219653
5.105080 0.295257
5.192664 -0.212058
-0.704232 -0.069903
-3.703198 0.220754
-1.331845 0.064419
-1.679267 -0.240857
-0.377231 -0.400920
-2.918355 0.059159
-0.675211 -0.089799
0.561102 0.169690
-1.073034 0.372780
-1.387312 -0.039218
2.086429 -0.251280
2.677542 -0.567339
3.377583 -0.601427
3.385230 0.245394
-0.484991 0.557065
-0.645396 0.086815
-0.570584 -0.256899
2.465334 0.038147
0.668353 -0.098491
-0.832612 -0.040555
0.804711 -0.313443
-1.320825 0.058476
-0.163155 0.189451
-1.985658 0.107231
-3.407374 0.062949
-0.568145 0.047227
0.248597 -0.052130
-0.259134 0.305426
1.047108 0.315099
0.290534 -0.349150
0.859592 -0.151812
1.134270 -0.098358
-3.088028 -0.050060
-3.757997 -0.081742
2.566716 -0.228684
3.861218 -0.077074
1.214026 -0.155711
-0.347455 0.129995
0.109342 0.354163
-0.711835 0.393807
-2.530321 -0.094194
-0.598569 -0.389513
1.824435 -0.467128
3.445638 -0.363506
0.667536 -0.533119
-0.212286 0.015777
1.000778 0.679146
-1.692287 0.800404
0.968244 0.326329
1.328626 -0.160179
-2.422219 -0.315148
-0.082852 -0.192751
1.390360 0.366000
3.030878 0.346965
2.417791 0.214077
1.932357 -0.324127
-1.213186 -0.559699
-4.004979 -0.292014
-2.172208 -0.299865
2.616948 0.287642
4.827608 0.168805
0.616399 -0.255738
0.336860 0.172970
-1.849732 -3.534383
-1.341613 0.048558
-0.173875 0.773658
-0.588857 0.263639
3.254150 0.390319
-0.596606 -1.378068
-1.743034 3.338630
-1.312614 5.535392
-1.534135 2.577172
-0.772366 -0.054846
0.127590 -5.376756
-1.956469 -2.661527
-1.800886 -1.895052
1.854878 3.380329
-1.178511 5.282126
1.381424 -3.657917
0.167831 -6.030721
-3.283821 -1.286499
2.352422 3.607141
2.729623 1.536930
-1.669208 -1.426580
-1.373284 -3.465891
4.617647 -1.190485
3.966955 2.701310
-2.776798 2.524907
-1.867633 3.188831
0.248024 4.409922
3.293883 1.581057
0.982506 -2.358965
-2.881199 -2.752949
1.100116 2.137230
2.295621 1.371788
4.118662 -1.949715
0.917360 -2.002933
-1.960445 -2.963882
-0.604767 1.231436
0.794153 4.502510
3.289050 4.024111
3.638654 3.077386
-0.628862 0.466719
-2.602647 -2.187862
0.031385 0.790116
1.230315 1.809479
-0.713588 -2.604591
-0.340381 -4.541181
-0.981730 0.836192
-2.426053 4.813920
-2.882203 2.541587
-0.276728 -0.818589
3.761401 -1.792044
2.471221 -2.588981
-0.892910 -0.436567
0.653189 -3.032161
-0.019724 -1.388710
0.210743 -1.260508
2.057992 -1.906898
2.982057 -0.125135
0.362389 -2.238316
-1.642870 -0.155455
-4.168940 1.303949
-1.849401 2.376767
-0.919742 -0.620063
-1.186262 0.537112
-3.141090 2.461135
0.397762 -3.929803
1.026907 -6.054053
1.182862 -2.353376
2.374666 1.193191
-0.228408 1.899579
0.689750 0.826368
0.258813 -2.808798
-0.138131 -2.877856
-2.455041 -3.261273
-1.619137 0.021061
1.233152 1.936799
0.036035 1.147166
-3.320173 0.212442
-2.850442 -2.518363
-4.398970 -6.342339
-1.015372 -3.051030
2.331793 3.786273
2.730140 2.767548
-3.032881 -0.435374
-4.415763 -1.517036
0.087787 -1.355873
3.369426 1.094364
5.654853 -0.361589
2.185001 -3.722269
-1.051095 -1.114218
-1.521351 1.704125
-0.355003 -3.103584
-1.828440 -0.583888
-0.377559 3.535755
1.804030 2.404926
-0.007493 1.229689
-0.301698 0.187014
-0.200865 3.471994
1.264300 3.644490
1.568543 -0.243626
0.415342 -4.407837
-0.350865 -1.056045
-0.431990 2.931938
-0.236876 2.845120
0.172173 -2.543992
0.240110 -3.174627
0.225964 0.361240
0.185565 0.542309
-0.019055 -0.645830
0.043619 -0.013718
0.124932 -1.814425
-0.046784 0.171445
-0.094078 0.408844
-0.023006 -3.257763
-0.186864 -4.176764
-0.194397 2.531222
0.182074 2.320131
0.296100 -1.076187
0.067002 -2.136902
-0.233828 -3.381055
-0.157189 0.798633
0.195618 4.791093
0.176824 4.306905
-0.003955 -0.380132
0.031788 -2.204211
0.048563 -1.930243
-0.065843 -6.880620
-0.171143 -2.715734
0.046585 0.800274
-0.050707 5.024232
-0.006993 1.769298
0.078151 -3.495056
0.096583 -1.974206
0.099924 2.870955
-0.035547 1.814644
-0.047510 -1.154121
-0.203674 -0.948184
-0.274039 -0.607591
0.060696 2.324861
0.418959 0.240472
0.581283 -3.029585
0.112459 -1.197403
-0.304162 1.399015
-0.168381 -1.095506
-0.113834 -2.823380
-0.387143 -1.562781
-0.382729 -2.022236
0.308329 -0.536763
0.334395 0.574906
0.029633 -0.323196
0.059048 0.031260
0.162752 -1.444679
0.407929 2.480480
0.315379 1.868165
0.076024 -2.244399
0.177279 -0.599618
-0.083541 1.564529
-0.034371 2.316649
-0.072627 -1.461380
0.081211 -1.668747
-0.067220 1.129134
0.043148 1.023782
-0.058071 3.676546
-0.067149 5.177495
-0.388004 2.185782
-0.144863 -3.764947
0.162695 -4.223204
0.182317 -2.781616
0.188863 2.902306
-0.081521 3.034186
-0.038544 1.525549
0.114835 0.876109
-0.080715 -2.736929
-0.269147 -2.138710
0.133229 -1.086404
0.108464 0.009580
-0.128713 1.336436
-0.140782 -1.998304
-0.225065 -0.146828
-0.345474 -0.302294
-0.085596 -0.392964
0.025349 0.981748
-0.034625 2.593931
-0.190494 -3.884909
-0.172398 -3.474237
0.031207 -1.083982
0.166337 2.487210
0.032431 2.114870
-0.047241 -0.663401
0.085886 2.329044
0.139806 -1.887888
0.098359 -3.643205
0.056124 -1.758325
0.317797 0.717308
-0.011553 4.169317
-0.139068 -1.119265
-0.009758 -0.771867
0.085715 -0.505763
0.191086 2.321008
0.068492 2.408099
-0.138704 0.180604
-0.316313 -1.346848
0.033449 -0.812476
-0.005342 -0.281222
0.221041 0.475723
0.260580 0.434965
0.199680 0.131741
-0.021402 -0.276742
-0.031829 -0.006508
0.205749 0.254897
0.163705 0.062738
-0.135037 -0.137388
-0.322300 -0.356628
-0.124444 -0.448664
0.056355 -0.361607
0.092909 0.082741
0.200118 0.611951
-0.168919 0.329323
-0.256913 -0.091235
-0.149851 -0.242001
0.100468 -0.268574
-0.071476 -0.466988
-0.051193 -0.173136
0.057519 0.176112
-0.109171 0.027397
-0.127821 -0.270523
0.067007 -0.112986
-0.055535 0.053014
-0.235673 0.319607
0.031484 0.441704
0.033641 0.223237
0.183678 0.070807
-0.019853 0.042918
-0.093343 -0.068723
-0.134383 -0.016298
-0.190793 -0.538031
-0.019838 -0.442809
0.205918 0.354452
0.124799 0.645944
0.282101 0.669544
0.006551 -0.325289
-0.036708 -0.557752
-0.337466 -0.794900
-0.214233 0.048252
-0.129863 -0.148487
-0.015003 -0.363797
-0.128967 -0.233676
0.047687 -0.015415
-0.196721 -0.284124
-0.423613 -0.457589
-0.182366 -0.343216
0.001163 -0.280869
-0.114122 -0.248409
0.113229 0.115543
0.323453 0.648509
0.203229 0.437992
0.108709 0.163521
0.082215 0.254780
-0.261001 -0.483671
-0.456310 -0.933754
-0.258106 -0.389992
0.248341 0.160055
0.405921 0.808640
0.154789 0.621746
-0.127749 -0.362112
-0.106906 -0.511116
0.137201 -0.080168
0.090175 0.287179
0.240420 0.666947
0.236127 0.504818
0.016119 -0.125321
-0.033318 -0.352467
0.070884 0.038745
-0.014838 0.376363
0.170491 0.391613
0.140588 0.038788
-0.130279 -0.097611
-0.213541 -0.339868
0.231902 0.218184
0.373458 0.575253
-0.007739 0.047242
-0.046813 0.111095
0.092747 -0.054189
0.025590 -0.293147
0.149481 0.031260
0.099145 0.391098
0.196688 0.523354
-0.049377 -0.038030
-0.256455 -0.402584
-0.021275 0.093660
0.073858 -0.027361
-0.093489 -0.308192
-0.139745 0.054999
0.241319 0.724984
0.160417 0.364158
-0.161239 -0.604254
-0.250444 -0.730946
0.145425 -0.048690
0.120383 0.085473
0.004373 -0.037944
0.550764 -0.024535
-1.758724 -0.275310
2.638296 -0.306869
0.501907 -0.078276
-1.894631 0.377280
-2.698079 0.085266
1.617424 0.270330
-1.153445 0.109124
4.074351 -0.129135
1.553540 -0.015200
-1.448560 0.234194
-0.389623 0.437953
0.697609 0.229429
-1.835296 -0.038670
-0.422788 0.530371
0.435344 0.292562
-1.375749 0.255466
1.548528 0.001315
0.494656 -0.490320
-2.726520 -0.088978
-1.564950 0.268713
-1.903594 0.333266
1.483193 0.144612
0.938134 -0.273307
-1.664078 -0.635051
-3.075344 -0.321096
-1.294013 0.152859
-3.674445 0.425836
-1.423573 -0.009483
0.124239 -0.065043
-1.883453 0.079052
-5.514584 0.195934
-4.740416 -0.246425
2.298596 -0.451915
0.871062 0.219153
-4.169820 0.515624
-3.985693 0.227372
-0.659944 -0.073510
-1.503176 -0.104736
3.465853 0.097653
0.702380 0.097945
-1.251935 -0.001666
-0.121620 0.154306
1.295853 -0.064788
-0.079746 -0.459118
2.505733 -0.331533
-2.170386 0.127907
-4.665049 0.079810
-2.901819 -0.350116
-2.901131 -0.450577
-2.033495 0.198283
-0.661313 0.226071
3.276810 0.031757
-0.524213 -0.013997
-0.561032 0.417124
-2.358336 0.278754
-2.108306 -0.320579
4.168605 -0.355459
3.453210 -0.154779
-3.384473 -0.282288
-7.185532 -0.178320
1.306916 0.096996
3.667285 0.233100
1.289504 0.068319
-3.003299 0.156672
-1.878893 -0.148611
0.692983 0.314758
2.788701 0.239823
1.651587 -0.360361
-3.541435 0.173551
-1.400374 0.649070
-2.320110 0.100240
-2.328703 -0.068787
2.387085 -0.270496
3.041460 -0.138539
-1.144048 0.432862
-4.205352 0.222252
-0.740335 -0.255854
3.334319 -0.341622
4.866116 0.183309
-2.698101 -0.000675
-2.430977 -0.185233
3.332065 -0.293397
4.138562 -0.243868
0.705230 0.404805
-1.626179 0.856448
-1.180195 0.435362
-3.189911 -0.569812
-3.449301 0.054891
-1.530169 0.162433
0.149110 0.283396
1.019114 -0.002601
-1.878967 0.152404
-0.070785 0.302566
2.580188 -0.049416
3.506959 -0.173090
-0.011831 0.245396
-0.813316 0.483625
1.442886 0.376266
1.005240 0.098846
-0.638727 1.912309
-0.806798 -0.858529
1.978169 -1.511388
1.160973 -1.952303
3.622832 1.418031
4.366976 2.600381
-0.363637 3.895358
-2.730223 2.839640
-4.148163 0.748823
-0.024315 -2.011944
5.665820 -4.914286
0.772665 -2.515003
-4.485102 1.244969
-2.178566 2.895563
2.356859 0.462456
4.818883 -1.779313
-1.273799 -4.994231
-5.378769 -0.759633
-2.657382 2.581113
5.562021 0.081589
7.630354 1.893115
1.310799 2.046314
-3.882319 0.039721
-0.846832 -0.205606
6.248205 -0.801201
2.222889 -1.427576
-2.979196 -0.318175
-4.449146 0.943354
-3.456475 -1.264419
0.241993 -0.855722
-0.083427 0.352637
-2.513770 -0.202320
2.535720 -3.351388
6.360624 1.150504
1.980872 0.184545
-2.307014 -0.239750
-2.651396 3.335385
-1.785485 0.990907
-1.878134 -0.603830
3.448205 -0.887959
4.424861 3.102148
3.020641 6.188725
-1.348402 -0.338639
-5.115463 -1.768504
-1.046610 -2.512967
1.442908 -2.935914
2.694482 -1.649891
1.406186 1.449735
-2.055813 -0.155830
-2.899175 0.130810
0.160352 -0.515838
1.278533 1.456870
3.246026 -0.529746
2.503326 -3.059371
0.395191 -4.839345
-4.248763 1.194871
-3.518013 4.504640
2.655148 -0.466085
5.427654 0.367408
4.383322 1.766750
-4.223620 2.582553
-4.943588 2.412574
1.793320 0.093533
3.094162 -2.471220
-3.045661 -3.068769
-2.814110 -1.722475
-2.623168 -0.911273
-0.725729 0.011041
0.379460 0.317474
1.459065 -2.089195
-2.124422 -2.566139
-3.234413 1.495585
1.555908 0.878625
3.041378 -2.164361
0.496910 -4.712447
0.439827 -1.742666
2.753012 0.784908
1.500338 2.512090
-2.192872 -0.341710
0.467658 -1.396141
1.426264 -1.022360
0.016972 4.261929
-2.790997 3.436333
-5.257989 2.950683
-4.052387 1.419712
-1.073657 0.962615
-1.564212 1.306976
2.427737 -0.736210
3.569336 0.627530
-0.532597 3.593824
-2.663037 1.633058
-1.221114 0.656064
-3.146464 0.352428
-2.271419 0.027119
2.961630 -1.340271
0.521308 1.389180
0.994006 1.585056
0.860119 -0.172699
-0.882721 -2.653028
-3.137349 2.238051
-1.656329 4.023875
0.707561 -0.381434
1.267550 -5.002498
0.204669 -6.136858
-0.457600 -0.702422
-0.186752 1.405399
0.110008 3.229696
0.009565 0.672103
0.317631 -0.811555
0.156144 -2.089523
-0.062391 -0.145823
0.126131 2.940190
0.152322 -0.789687
0.208178 -2.232470
0.139220 -2.239555
-0.278888 -4.841302
-0.388414 -3.548161
-0.334118 2.979802
0.040084 5.588945
0.144060 3.922880
-0.173963 0.477915
-0.189234 -3.003461
-0.216610 -3.441549
-0.201691 -0.666882
0.110866 1.675789
0.112336 -1.657655
-0.003028 -0.424955
-0.057801 1.037354
-0.294989 -1.546890
-0.076273 -3.609414
0.072216 0.191968
0.224605 2.004888
-0.138593 0.680727
-0.276497 0.392982
-0.023392 -3.336164
-0.285587 -4.032569
-0.167951 -5.407730
-0.033731 0.597425
0.024513 0.016259
0.039971 0.593523
0.065505 -0.148482
0.037162 -0.487930
-0.128397 0.055870
0.000375 4.253492
0.165326 2.544805
0.348926 -0.514074
0.276920 3.195056
0.107851 0.561070
-0.131614 -3.084789
-0.108204 2.103650
0.201480 3.972607
0.294723 -1.653946
0.051652 -1.241700
-0.137741 0.141218
0.024487 1.976204
0.140874 2.444491
0.068193 -2.459233
-0.046095 -3.181947
-0.129574 -0.083136
-0.265299 2.176113
-0.285542 2.249353
-0.020405 -1.003641
0.084314 -4.667521
0.098297 -2.574887
-0.082715 2.314630
-0.081091 2.706802
0.088736 0.310121
-0.221926 0.127009
-0.276441 -0.911519
-0.039959 -0.738259
0.347828 -1.358736
0.498875 1.070115
0.081181 -3.613784
-0.219964 -3.541509
-0.061153 -1.048847
0.049877 -1.517634
0.150375 4.020789
0.170165 4.726587
0.245171 2.772253
-0.016532 -1.141748
0.122491 -2.651828
-0.269177 -1.392968
-0.310462 -0.335989
-0.021751 -0.120388
0.034774 -1.271406
-0.207400 -3.895069
-0.054657 -1.728604
-0.043059 -1.702709
-0.001680 -3.013384
-0.093340 -3.702944
-0.057157 -0.107689
-0.181191 2.354796
-0.142934 3.745913
-0.235076 0.326922
-0.226498 -0.942427
0.009437 -0.895427
0.472791 0.330534
0.196743 4.758352
0.077033 4.143460
0.118595 0.410632
0.283836 -1.327118
0.192888 -0.579636
0.210797 0.617252
-0.283947 0.169899
-0.284310 -0.406374
0.204821 -0.124366
0.470491 0.430901
0.030891 0.175374
-0.347488 -0.254645
-0.161185 -0.297210
-0.150627 -0.171126
-0.069909 -0.324783
0.170843 -0.144076
0.017060 -0.032866
0.120906 0.390093
0.073780 0.401504
0.141578 0.652803
-0.039846 0.298114
-0.079793 -0.378321
0.032629 -0.354165
0.166064 0.068437
-0.017432 0.400585
-0.289599 -0.129526
-0.307462 -0.698758
-0.105668 -0.195509
0.155866 0.427119
0.078006 0.217223
-0.180109 -0.137420
0.040665 -0.057005
0.151944 0.322167
-0.033247 0.174143
0.205824 0.102677
0.199003 -0.078995
-0.160479 -0.255330
0.079887 0.127607
-0.043991 0.240626
0.083607 -0.011038
0.134168 -0.180488
-0.166329 -0.316332
-0.149842 -0.227981
-0.187521 0.056204
-0.074785 -0.053561
-0.095162 -0.479667
0.013720 -0.232094
0.281871 0.350968
0.283689 0.303648
0.181741 0.145177
-0.053892 -0.381968
-0.253424 -0.861849
-0.321899 -0.514248
-0.143322 0.188039
0.026854 0.287166
0.119852 0.220518
0.155982 0.068178
-0.044593 -0.393942
-0.055597 -0.068455
-0.018272 0.060318
-0.030064 0.221725
0.121519 0.307255
0.054302 -0.044755
0.078675 -0.099280
-0.121896 0.057640
-0.253404 0.029692
-0.100257 0.144242
-0.142653 -0.250416
0.119676 0.047151
-0.089611 -0.089647
0.167094 -0.038857
0.274943 -0.022563
-0.013856 -0.399708
-0.193981 -0.157688
-0.035621 0.358663
0.188882 0.426638
0.246011 0.357335
-0.002641 -0.283715
-0.051457 -0.162857
0.069638 0.136739
-0.012240 -0.144218
-0.229997 -0.418308
-0.214215 -0.386412
-0.128921 -0.134157
-0.030854 -0.092054
-0.027997 -0.213134
0.013094 -0.000847
-0.009105 0.148296
-0.027079 0.270770
0.170459 0.092583
0.359095 0.244411
0.144767 0.206592
-0.326131 0.010072
-0.251866 -0.133891
0.241512 0.256742
0.167334 0.131688
-0.007892 0.139586
-0.039182 0.174551
-0.004126 -0.153811
-0.038778 0.011872
0.198863 0.175282
0.040650 0.188378
-0.135332 0.149519
4.725719 0.197842
7.795140 -0.064628
3.579503 -0.055499
-3.446621 -0.241385
-3.067921 -0.417700
1.631356 -0.125268
0.332247 0.015324
2.859371 0.082290
-0.716207 0.158167
-3.284244 0.147536
-0.726477 0.051787
0.388142 0.246938
2.387261 0.229187
3.408083 0.315765
2.553581 0.062437
-4.781198 -0.147329
-7.916696 -0.170307
-5.737869 -0.244518
3.224813 -0.210444
3.021285 -0.083010
-2.147190 -0.375316
-5.738938 -0.290218
-3.543940 0.194768
2.863134 -0.275216
4.972519 -0.025564
-1.734738 0.708443
-2.941348 0.299571
-1.244738 -0.159377
3.634331 -0.527444
0.358825 -0.571412
0.067212 0.199089
0.672928 0.508870
-1.182599 -0.138866
-4.499916 -0.282285
-6.764940 0.119894
-1.025334 -0.002209
0.709437 0.113454
2.979439 -0.014530
4.397077 0.248113
-1.940612 -0.191694
-0.967855 -0.162879
-4.005888 0.061261
-4.383802 -0.071679
3.185792 -0.134797
7.678305 -0.101422
4.505538 -0.306213
-1.671061 0.098987
-1.718422 -0.132513
3.332800 -0.148690
3.759313 0.001653
1.110758 0.217572
1.147002 -0.179289
-0.449445 -0.477978
-0.920884 -0.390879
-0.719386 -0.346199
-0.011242 0.371299
0.464468 0.639232
1.491915 -0.092667
-0.207794 -0.385772
0.001777 -0.367722
0.564571 0.274536
0.703587 0.376585
-0.179588 -0.097530
-2.738106 -0.490231
-4.475922 -0.214496
-5.111696 -0.260578
-0.340463 -0.037097
2.733728 -0.215814
3.136427 -0.134926
-1.291728 0.091082
-1.582727 0.269713
0.185836 0.072748
1.281610 -0.071779
0.606432 -0.162303
-3.370575 -0.251252
0.387207 -0.100330
0.779218 -0.056547
-2.709768 0.203849
-2.274029 0.029580
-3.031838 0.004741
1.311906 0.623667
1.279998 0.516359
-0.737665 -0.327730
-3.983554 -0.410040
-2.624818 -0.240101
-0.133499 -0.015422
-2.395850 0.321862
-1.955136 0.180985
3.512638 -0.193753
1.986074 -0.128466
-4.118281 -0.278686
-1.044611 -0.247706
-1.106727 -0.096747
-2.996928 -0.348633
0.431312 -0.240702
4.264459 0.056465
2.368880 -0.024164
-0.483111 0.149368
-2.424084 0.082655
-0.983887 -0.274619
0.418998 0.479195
4.991630 0.257293
8.277240 -0.604808
1.876735 1.171839
2.443531 1.844308
-2.372834 -2.506851
-1.968937 -1.773833
-0.322920 0.985069
1.372596 2.687689
1.402037 1.847573
4.371627 0.582086
1.425462 0.067170
-0.373995 1.404594
-2.638251 -0.157774
-2.770508 -4.866405
0.524704 -0.889739
1.488491 -0.166294
-1.898882 0.345625
-4.544031 1.201986
3.344667 2.865280
5.130024 0.133764
2.758065 -3.903080
-3.573801 -3.302970
-2.931336 -0.459833
-2.388295 -1.076412
-2.465942 -1.709010
-0.777727 -3.217581
1.464793 0.874863
-0.509056 0.547008
1.563969 -1.456983
2.575633 -1.360305
-2.080437 0.847166
-4.133661 5.509325
-1.040812 2.783502
5.217802 -2.847601
5.460943 -0.369448
-0.582399 2.882756
-3.646633 2.268972
-1.773895 -0.730922
1.457563 -3.299778
1.110574 -2.913967
-0.427079 -3.624401
2.003432 -0.585808
-1.474421 2.662064
-0.681657 2.928514
-3.459112 0.665112
0.268342 0.100320
1.473148 0.016974
0.469044 -1.155721
-1.055024 -0.883083
2.208839 -1.387179
0.132912 2.613225
-1.185188 1.842389
0.882238 -2.049346
1.269318 -3.051797
-0.942776 1.201477
-3.305756 6.152231
-2.032705 1.417617
1.121345 -0.843673
3.865177 0.757045
0.957159 0.079247
1.019132 -0.294184
4.350826 -1.632021
-0.341371 -0.326590
-3.247310 3.607904
0.630330 3.394244
0.993401 2.123082
-3.249890 -2.276897
-3.994627 -0.930416
-2.459122 0.835889
-1.295706 2.372250
4.515508 0.890134
3.728440 1.893799
0.360635 -0.438705
-0.503636 -3.049227
-5.355715 -0.657366
-2.643887 0.340573
-0.013115 0.713021
0.477623 2.184641
-3.514933 -0.414375
-6.115904 -2.012624
-0.868996 -3.066913
2.106900 -3.602839
3.268684 -0.874906
5.926163 0.179075
2.230978 -1.994715
-2.016832 -0.566787
-4.351885 -0.461611
0.173702 0.783639
2.659630 0.160544
1.649202 -0.066962
-0.685164 -1.251686
-0.980664 -3.801269
1.381404 -4.498274
1.784611 -4.705070
1.361619 -0.000575
-1.024258 -0.247964
-2.127539 0.384289
0.748401 -4.084986
5.121822 -4.295695
2.563331 -0.488904
-0.953887 2.504807
-1.634634 2.198336
-0.083151 0.488668
0.852534 -0.572482
0.617539 -1.311888
-0.247800 -0.630613
-0.570352 2.223027
-0.323318 2.708775
0.253565 4.648056
0.042468 1.008214
-0.165247 -3.927669
-0.160054 -1.816817
-0.298196 -2.269608
-0.266556 -4.987236
0.183331 -1.394465
0.255296 -1.479388
0.252053 -1.451552
-0.081731 1.606137
-0.340003 -1.348981
0.158458 -3.459531
0.441096 -5.443991
-0.002190 -3.515032
-0.217222 2.365475
0.222466 -0.565105
0.092147 -1.392340
-0.036093 -1.593542
0.148934 -0.273620
0.102401 0.488690
-0.276099 3.340470
-0.102517 -1.477540
0.452099 0.021350
0.388046 -0.052555
0.302258 2.611021
-0.108662 0.569725
-0.119394 2.285242
-0.098047 0.650714
-0.122584 -1.463288
-0.435953 1.336427
-0.253774 1.275843
-0.071094 1.865193
0.139801 2.456733
0.248421 1.234086
0.290648 1.107432
0.063980 -1.474986
-0.077105 -0.688235
-0.273920 0.132432
-0.145723 -0.494587
0.205900 0.292442
0.107580 -0.215310
-0.175776 -2.225135
-0.173424 -1.114662
0.002051 0.896394
0.424261 3.963663
0.023795 2.169797
-0.071742 -1.484452
-0.049762 -1.274928
-0.004127 2.716310
0.074944 2.889045
0.143857 0.533012
0.033985 1.555855
0.070539 0.901287
0.120504 -1.073729
0.004300 -0.432032
-0.154653 -0.094681
0.060469 -0.069365
0.313835 -4.193877
0.072116 -5.074314
-0.310329 0.643131
-0.227670 3.795340
-0.125452 -1.983460
0.059035 -5.857929
-0.139106 5.651812
-0.221050 5.596574
0.048778 0.098330
0.066481 -1.887469
0.118261 1.044959
0.096739 -1.701710
0.148834 -2.266427
0.028743 -0.176212
-0.172269 0.371148
-0.348586 2.428963
-0.225324 4.878752
-0.178183 0.949994
-0.189731 -3.139912
0.022027 -1.513204
0.144948 0.133726
0.191052 0.403660
-0.064698 -0.334288
-0.331021 -4.160196
-0.392557 -4.696418
-0.573293 3.938761
-0.191628 3.106901
0.584737 1.844099
0.576567 -2.557111
0.229534 2.024298
-0.334687 1.416765
-0.518838 -3.280194
-0.063687 -3.553144
0.248975 -1.785066
0.132349 0.780094
0.175518 1.656469
-0.233930 0.620216
-0.084353 -0.156273
0.063277 -0.329134
-0.176033 -0.307009
-0.144863 -0.077845
0.208815 0.278478
0.325587 0.239507
0.269072 -0.065430
-0.030833 -0.180658
-0.104864 -0.022064
-0.109308 -0.196640
-0.080960 -0.299853
-0.073046 -0.029973
-0.008041 -0.002937
0.123840 0.316844
0.073422 0.254959
-0.008509 0.144736
-0.144988 -0.056799
-0.622164 -0.753594
-0.443424 -0.530766
-0.019588 -0.303131
0.013773 -0.275229
-0.003400 -0.036749
-0.237309 -0.175524
-0.183849 -0.065862
0.126225 0.451224
0.260549 0.573446
-0.010026 0.059261
-0.188428 -0.531365
-0.490619 -0.897172
-0.339746 -0.573947
-0.037035 0.114542
-0.037405 0.391433
-0.226873 -0.367179
-0.153775 -0.610407
-0.020977 -0.574500
0.191720 0.206915
-0.029675 0.260712
-0.185312 -0.159064
-0.104141 -0.203886
0.072402 -0.141023
0.075185 -0.085383
0.076158 -0.184187
-0.083888 0.066035
-0.295735 -0.066031
-0.062689 -0.013524
-0.068739 -0.342234
0.143772 -0.068769
0.156634 0.013071
-0.031115 -0.135330
-0.169951 -0.087188
-0.087840 -0.053021
0.133609 -0.149360
-0.186248 -0.279014
0.020802 0.155790
0.130162 0.164137
-0.137639 -0.306792
-0.037912 0.213987
0.103288 0.242039
0.249177 0.551676
-0.103197 0.003565
0.085807 0.202508
0.164222 0.288970
0.313900 0.690201
0.234353 0.641388
0.229635 0.518415
-0.030289 -0.127835
-0.148144 -0.321863
-0.147814 -0.070331
0.083970 0.089306
0.086933 -0.239067
-0.128516 -0.726233
-0.431146 -0.649739
-0.113945 0.284468
0.119287 0.576975
-0.047997 -0.116137
0.137755 0.098317
0.275611 0.331082
0.263535 0.678563
0.092550 0.521566
-0.160618 0.008482
0.058061 -0.311773
-0.031340 -0.256974
0.289679 0.590742
0.310549 0.856934
-0.226560 0.075011
-0.381132 -0.564040
-0.341405 -0.428998
-0.095759 -0.176688
0.405460 0.371845
0.450624 0.332498
-0.085336 -0.026933
-0.341873 -0.133410
-0.273624 -0.192764
0.049952 -0.153446
0.143805 0.051407
0.220917 -0.050312
0.150070 0.211352
0.296373 0.110797
2.418214 0.066198
1.321287 0.456656
-1.349097 0.335733
-1.809090 0.183308
-4.286009 -0.293600
-1.614620 -0.182083
0.207794 0.054704
1.201821 0.550390
-1.157420 0.359998
-5.369281 0.151459
-5.674731 -0.328447
-0.612112 -0.121101
2.310069 0.346614
1.057157 0.892020
3.460064 0.312655
-2.605084 -0.556637
-2.765083 -0.555450
-3.018348 0.375003
1.329867 0.493753
5.817783 0.010582
3.745488 -0.050169
-4.472830 0.065580
-5.588410 -0.160938
-1.505517 -0.012700
-1.662109 0.214316
1.099118 0.477285
0.343181 0.162725
2.223286 -0.152471
1.643536 0.019891
-0.897579 -0.515450
-2.606670 -0.060975
-1.595755 0.067322
-1.399714 0.293244
0.799253 0.260820
1.625806 -0.488347
1.009706 -0.207212
0.312761 -0.149728
-1.924904 -0.176570
-0.294793 0.445204
-0.570335 0.138212
0.687574 -0.409356
3.094062 -0.195496
1.915107 -0.006370
0.283771 0.071644
-1.614699 -0.013662
-1.534254 0.081903
-1.789493 0.008161
-1.673721 0.067950
-1.027413 0.041445
-3.554393 0.065427
-6.913228 0.025081
-2.266022 0.150719
6.076800 0.325594
4.722111 -0.095372
3.610192 -0.159900
-0.646700 0.452167
-1.129289 0.145395
2.731264 0.327377
1.617974 -0.281993
-1.431228 -0.436817
-4.277418 -0.386404
-2.626247 0.027525
-0.578337 0.218543
-2.263543 0.409588
1.161975 -0.103367
2.371565 0.010352
-2.098784 0.475005
-1.816891 0.389593
-5.331814 -0.282961
-4.697479 -0.476553
-1.692552 -0.038270
-0.150847 0.032775
0.495839 0.126237
-4.343128 0.045289
-2.456110 0.321367
1.879930 0.078402
2.501196 -0.420284
5.242609 0.078689
2.046244 0.272008
0.357482 0.296656
4.244295 0.429270
3.447752 0.207312
-2.793717 -0.195010
-1.268825 -0.428918
-0.237467 -0.218818
-1.487056 -0.441946
-2.181834 -0.076981
-0.041151 0.415511
1.191531 0.172736
1.326215 -0.256389
-1.400577 -0.697374
-1.511566 -0.119751
3.806399 0.074790
1.803691 0.010349
1.291049 0.333936
-3.801737 0.030803
-0.437698 -0.461692
2.200030 -0.597919
-0.155039 -0.130936
-3.501033 0.641538
-2.530830 1.366506
-0.610141 -0.662432
4.175549 0.923600
2.315340 -1.842658
-0.724021 -2.224315
-5.049427 -2.822670
-1.097080 1.364160
1.049244 3.525124
3.455215 -0.519802
3.446820 -2.333083
-1.001553 0.841487
-1.712932 -1.870167
-1.119596 1.006393
-0.255336 0.876053
0.819922 3.216440
-1.223789 2.848717
-1.496528 -1.960942
-4.071878 -1.917062
2.042133 -1.545722
2.091791 0.574601
0.223776 0.725894
-2.680930 0.618970
-4.017643 1.837169
-1.984613 3.206576
0.629363 -1.497057
4.876424 -6.966442
-0.872816 -1.519180
-1.769769 6.356197
-1.516710 5.570967
0.029821 -0.236484
-1.558389 0.604648
-3.080070 5.309123
1.391297 -0.379785
0.241086 -7.295435
-1.196670 -5.728709
0.414025 1.236361
0.562313 4.717992
0.389248 -1.282661
-1.576804 -1.972582
-1.853043 -2.786726
-1.507879 -4.579799
-1.023368 1.780701
-0.590825 4.581500
-0.457968 1.008184
1.295453 -1.439721
1.206096 0.628116
-0.135430 -1.639310
2.458171 -1.782053
2.061358 0.681415
0.805785 2.938958
-1.593772 -2.566483
-4.029024 -1.065219
-1.369336 -0.645547
3.559427 -2.666845
4.471551 1.094583
3.865705 -0.002284
2.121028 2.409678
1.610413 2.515509
-3.648794 0.010744
0.074204 -1.358043
0.338202 -2.310035
0.846580 -3.131777
-4.498567 -0.399668
-4.156156 0.832537
-1.964926 3.065396
7.110736 1.366646
4.799558 -4.756736
-1.684203 -5.084222
-8.280729 1.165780
-5.180529 4.864960
-0.657953 3.752008
-0.583981 0.338613
-0.518976 -0.876608
0.754074 1.267340
0.961509 4.782068
1.190730 5.398074
-1.269172 3.837698
-3.867241 -1.411847
-0.099117 -4.244986
0.114808 -2.554028
-2.205349 1.910422
-0.090255 5.965606
2.920648 2.583054
7.041980 -1.967254
3.835330 -4.354493
-0.679749 0.426342
-5.351176 3.578863
-5.604855 1.584730
-1.945188 1.412022
-2.330492 2.505523
-1.468491 -0.026916
-2.576193 -0.877735
-1.143214 0.026403
0.331760 2.517198
-0.751764 0.812161
-3.045622 -2.527176
-0.681230 -0.394322
1.586407 4.669577
-2.871968 1.794602
-2.531697 -4.233701
0.102882 -1.509521
1.330896 -2.219453
0.987960 3.249795
-0.117011 3.653116
-0.388233 -0.830175
-0.061896 -4.764845
0.068909 -0.975464
-0.011156 0.531659
-0.324488 -1.957848
-0.221776 -3.904380
0.141715 1.170976
-0.027373 4.490780
-0.050166 3.131609
0.022051 -3.234048
-0.130523 -3.142103
-0.176079 -0.980023
-0.339302 -0.634156
-0.508132 1.128559
-0.394095 2.174936
0.030985 -3.724692
0.228113 -8.191916
0.233204 -0.331812
-0.182678 2.319873
-0.216004 0.381644
-0.064565 -1.598444
-0.008145 -3.449615
0.204129 -2.415421
0.278483 1.531183
-0.144848 2.466670
-0.400668 1.623838
-0.303835 -2.093944
0.158337 -3.765169
0.360820 -1.406557
0.162317 1.294951
-0.262525 0.547083
-0.227211 1.961110
0.299383 1.465511
0.124522 -0.100161
0.326621 -1.378586
-0.065676 -0.713502
-0.183746 -1.111155
-0.233459 -3.905158
-0.076309 -0.135792
-0.019169 1.992199
0.096848 4.170924
0.081777 0.487713
-0.004202 -1.066962
-0.013475 -0.019367
0.091183 2.708832
0.500068 2.743028
0.166547 -1.900876
-0.232518 -4.812076
-0.144334 -3.449722
-0.118876 3.080941
-0.161789 6.680697
0.184074 4.654599
-0.047756 -1.298823
0.018690 -1.440358
-0.064903 -1.505304
-0.254671 0.466108
-0.105173 -0.284655
0.074176 -0.143452
0.083321 -2.197697
-0.000734 -3.685289
0.171034 -1.429411
0.166207 4.220993
0.248259 2.957159
0.110387 -0.218314
0.051655 0.307243
0.173978 3.703718
-0.099988 3.818098
0.194658 -1.876981
0.168821 -2.974098
0.034169 0.391554
-0.006570 0.604025
0.083178 0.410515
-0.067547 -2.589271
-0.222513 0.226312
0.255449 0.633534
0.197161 -0.857669
-0.098313 1.293948
-0.015288 -2.413822
0.153195 2.655563
-0.147464 3.002272
-0.140500 0.466933
-0.059117 -2.605779
-0.055021 -2.687997
-0.074909 -1.146368
-0.241727 0.518613
-0.032031 0.427535
0.123590 -2.123395
0.021924 2.097803
-0.046348 5.081644
-0.030052 5.141973
-0.092792 0.694073
-0.410053 -2.477171
0.181261 -1.005979
0.277118 -1.746192
-0.029416 1.239174
0.072466 1.954246
-0.221945 -0.077319
-0.012496 -0.801283
0.426470 0.197749
0.496001 0.894650
-0.106883 0.084636
-0.571973 -0.442648
-0.240877 -0.333395
0.548024 0.564119
0.382622 0.563776
-0.236487 -0.236003
-0.259058 -0.570500
-0.011535 -0.325958
0.310211 0.374459
0.223447 0.895160
0.104589 0.503863
-0.312632 -0.147828
-0.307211 -0.614867
-0.021433 -0.445403
0.015748 -0.139799
-0.244628 -0.422210
-0.129958 -0.087389
0.113442 0.054213
0.306647 0.085697
0.211772 -0.109562
0.107464 -0.105625
0.323420 0.273730
0.033048 0.280102
0.105154 0.385033
-0.033799 -0.011447
-0.109352 -0.090583
-0.306981 -0.642081
-0.028570 -0.376772
0.123537 0.227656
-0.080954 0.257596
0.105169 0.202922
0.115903 0.232946
0.457106 0.492056
0.212912 0.123315
-0.379986 -0.604486
-0.160570 -0.452869
0.133340 0.163224
0.025697 0.241589
-0.009911 0.453150
-0.105536 0.100630
0.186857 0.352172
0.060636 0.315053
-0.136426 -0.113951
0.042031 -0.115432
0.212009 0.159363
0.041275 -0.056130
0.099402 -0.003206
0.157110 0.048961
-0.356704 -0.354448
-0.259926 -0.253273
-0.037071 0.093506
0.208914 0.258626
-0.051907 0.108593
-0.049686 -0.251166
0.101325 -0.184531
0.133405 0.021225
0.113457 0.127621
-0.161602 -0.110964
-0.363709 -0.387088
-0.109544 -0.139851
-0.058294 -0.056546
0.133369 0.053392
0.228710 0.573597
-0.033368 -0.051642
-0.135959 -0.580768
0.149934 0.029963
0.041168 -0.000900
0.164796 0.068582
-0.074125 0.026406
-0.078699 0.231272
-0.005715 0.285459
-0.196772 -0.039607
-0.203755 -0.213758
-0.108504 -0.134970
-0.062081 -0.122217
0.190779 0.069303
-0.157072 -0.137849
-0.174716 -0.077763
-0.123223 -0.255457
0.018910 0.090937
0.208685 0.238893
0.165738 -0.078100
-0.032556 0.037713
-0.163805 -0.276793
-0.039757 -0.625002
0.029922 -0.305569
-0.155625 -0.001424
-0.091994 0.244477
0.109354 0.191600
0.111124 0.201934
-0.026062 0.142126
0.109855 0.456557
-0.034329 0.084329
-0.176275 -0.070180
-0.293205 -0.078828
