-0.455089 -0.464551
-0.449373 -0.658253
-0.642110 -1.070963
1.084873 0.562456
1.294481 1.072380
-0.590201 0.418350
-2.575048 -1.583573
-0.954733 -0.837811
0.912935 0.826068
1.839592 1.516508
-2.463763 -2.381956
-3.500165 -3.818242
-2.096304 -1.285651
-1.864196 -1.796800
-3.434383 -2.740769
-2.463258 -2.739477
-0.644360 -0.963290
2.927701 2.173974
2.898450 1.146526
1.145531 0.388830
-2.091278 -2.015917
-1.187872 -1.486678
2.697276 2.203568
-1.271773 -0.548235
-1.927553 -0.526724
1.199989 0.720337
2.023924 2.615985
0.998509 1.617699
-3.247155 -3.038127
-3.313677 -2.809206
0.815065 0.621241
-0.256000 -0.533367
-0.115184 0.686113
1.872643 1.265239
0.994789 0.049471
-1.673627 -2.086267
-2.377572 -1.776100
-1.013817 -0.664702
-1.112567 -1.139110
-2.263264 -2.411228
-2.791810 -2.953860
0.287452 -0.988390
1.991628 1.454569
-0.800622 -0.399252
-3.024249 -2.701816
-5.367086 -4.310651
-0.917485 -1.100467
2.219436 1.951968
1.382082 1.221246
-0.061388 1.020438
1.128669 1.236740
3.651145 3.639293
-1.048987 -1.164525
-5.174813 -4.999718
-5.047723 -3.864771
1.157724 1.673018
2.168910 1.610057
-1.318517 -1.900921
-1.372082 -0.773542
-0.280873 -0.593563
-0.001899 0.031108
-1.730880 -1.792924
1.024544 1.310750
-0.530458 0.196789
-4.507078 -4.321781
-2.932906 -2.245831
1.257519 0.931934
2.504742 2.788854
1.048049 0.393143
-2.284518 -3.383001
-0.700981 -0.560073
2.353870 2.117747
0.534364 1.001307
1.837562 2.062833
2.019409 1.603657
-3.077978 -2.759786
-3.509692 -3.165795
-0.594128 -0.147485
1.482512 1.507438
-0.697253 0.403974
0.243469 -0.926441
-1.588012 -1.948177
1.063351 0.600761
1.191411 0.682327
-1.811003 -1.552908
-3.221907 -3.344498
-1.771147 -1.556891
1.480669 1.311726
3.627005 1.960751
1.773720 0.655451
-0.629349 -0.546885
-4.541533 -3.711140
-1.626564 -0.296480
1.066379 0.011419
0.847121 0.144882
-0.405952 -1.034289
-1.100605 -1.377482
-0.748374 -0.019502
-0.594773 -0.574746
1.251925 1.931710
-0.202429 -0.192573
0.309609 0.399325
-0.671333 0.056637
-2.990280 -3.761322
-2.929789 -3.609210
-3.442095 -4.424857
-0.594873 0.306723
2.133515 2.012918
-0.216476 -1.194862
-2.766872 -4.132412
-2.753550 -3.144362
0.402573 0.267462
0.459335 1.051381
-2.336086 -2.923292
-0.895536 -1.043628
-0.139177 -1.396193
0.359828 1.078010
-3.301567 -3.064459
-1.243507 -1.494164
0.220258 1.103323
0.925694 1.631968
-0.205212 -0.824843
-1.977032 -2.781972
0.485752 0.299118
0.685177 0.721092
-0.209604 0.354765
-0.923134 -1.053338
-0.341339 -1.869311
0.012539 0.310884
2.258218 3.204981
-1.474502 -1.648596
-1.711935 -1.700996
-1.315406 -1.590466
-0.698563 -1.132848
0.894334 0.966379
0.424267 0.777409
-1.345534 -1.860191
-0.978803 -1.668617
-0.579780 -1.416765
-1.465255 -2.365056
-1.750320 -0.997803
-0.083547 0.451619
0.318214 -0.005404
-2.248354 -2.489354
-1.843929 -1.545468
-1.241500 -1.757379
-0.505733 -0.244711
-0.247900 0.587281
-0.016800 0.887989
-1.327404 -1.895964
-0.655065 -1.099017
-1.810367 -1.532534
-1.439224 -1.119747
-0.372679 0.056081
0.875279 0.562868
1.663431 1.706697
-0.590808 0.596271
0.495290 1.223716
1.306686 2.030901
0.589128 -0.413896
-1.597972 -2.642563
-2.912367 -2.877114
-1.541124 -2.624355
-0.278653 -2.172415
-0.056849 -0.895422
-0.351959 0.174030
-0.574859 -0.857470
-1.424711 -2.886032
0.197300 -0.075921
1.300266 1.131179
-0.589836 -0.438373
-2.074552 -2.521796
-2.726503 -4.101170
-0.118508 -0.477785
1.692089 2.144711
2.318492 2.008408
-1.294094 -2.106011
-3.294283 -4.031919
-0.232971 0.527681
0.737246 2.570490
-0.101750 -0.415984
-2.397329 -3.111863
-1.116371 -2.652749
2.146580 2.336623
-1.077440 -1.060429
-2.557346 -2.973492
-1.499007 -2.777805
-1.089499 -1.335712
-0.180232 -0.064073
2.238525 2.537151
5.082176 6.259259
1.534107 3.389904
-1.711498 -1.421903
-2.928032 -2.976294
-1.086902 -1.682218
0.468809 0.336567
-1.873120 -2.525000
-2.859088 -3.025508
-0.872102 -0.623091
-1.039372 -1.248030
-1.593260 -3.116534
-2.724915 -6.996019
-0.185968 -1.344764
1.270871 1.801355
1.250820 2.415114
-0.870258 1.980295
-2.441113 -0.477243
-2.258118 -2.684462
-2.562220 -4.380906
0.781769 -2.764864
-0.569756 -1.124571
0.338882 1.057531
1.649644 0.608654
-1.429871 -2.520737
-1.679659 -1.839580
-0.831604 1.020000
0.687371 2.575185
0.858110 0.102023
-0.504904 -4.667023
0.707015 -0.573303
1.066896 2.153958
1.059889 1.038023
-0.265413 -1.905126
0.985500 -1.995202
3.856823 1.669355
3.012900 5.547843
1.554119 2.826277
-1.926421 -3.321120
-4.516285 -3.521057
-1.602916 -1.960857
0.713640 1.159091
0.473826 1.219109
0.000840 0.592838
-0.485149 -0.825082
-1.362414 -1.619524
2.618406 2.299367
4.331183 1.673395
0.191674 -0.977915
-1.904904 -1.665371
-1.510091 -2.117043
2.048103 -2.775609
2.216266 -0.983239
0.777481 1.508804
-1.207200 1.038608
-2.717397 -1.263709
-2.389409 -1.344478
-1.968955 -1.641587
-1.832390 -1.768422
-0.098342 -0.810815
-2.003502 -1.623466
-0.056531 0.629728
-2.023037 0.824322
-1.759354 0.477472
-0.866681 -3.924277
-0.624995 -5.179725
-2.074871 -2.124299
-0.930530 0.876514
0.632039 -0.934210
-0.978876 -2.196646
-1.496489 -2.897288
-0.142641 1.867751
-1.328914 -0.841456
-1.755713 -2.518683
-2.468091 -3.574565
-2.120755 -0.709928
-2.087303 -1.008930
-5.305271 -3.806058
-5.578629 -5.885618
-1.626714 -2.658279
1.656773 1.277782
0.072285 1.767162
-0.545979 -1.233325
1.372251 0.410322
0.395493 0.150037
-0.782173 0.996630
0.470731 0.976371
1.289060 -0.082687
-0.046862 -1.969968
-0.340070 -2.865364
-0.155555 -2.063588
0.527790 1.526377
0.357607 0.478070
-2.090944 0.037105
-3.772533 -3.402138
-3.355307 -3.844895
-0.900943 -3.845794
1.271087 -0.504802
1.821370 3.392563
1.421410 2.409637
-1.231401 0.899553
-0.050363 -1.027169
-0.709675 -4.035597
0.249900 -0.379970
1.501911 2.123056
1.645178 2.420841
-0.764689 -0.396236
-2.216224 -1.072166
-0.202238 1.489757
0.677915 3.991407
-0.104015 1.340571
-1.184929 -2.357123
-1.155818 -1.539075
-0.230575 0.920056
0.584078 -0.561719
0.709025 -1.035950
0.396532 0.990237
-0.130661 -0.297704
-0.771242 -1.000621
-0.249874 0.210299
0.227266 2.696007
1.168174 2.503282
0.448207 -0.699588
-0.060469 -3.630950
-0.695044 -3.111018
-1.593436 -1.485198
-1.294718 2.599071
-1.476599 2.139830
0.848718 1.249022
0.182009 0.085276
0.346189 0.788639
-1.466322 -0.820280
-1.290262 -2.323760
-0.025579 -1.211844
-1.295278 -0.583123
-1.046766 -1.228167
-1.211566 -2.429812
-1.586157 -1.515020
-0.356250 0.532555
0.177617 0.117170
0.684988 0.265327
0.165096 -1.143866
-0.397495 -0.564765
-0.357041 0.112504
-0.510216 -2.096632
0.028867 -0.965251
-0.507354 -0.768864
-0.059544 0.020958
-0.630390 0.120615
-1.640452 -1.652864
-0.767815 -2.762571
-1.616647 -2.021550
-1.045020 -1.465645
-0.927704 -1.363523
-1.522971 -1.696019
0.182717 0.680710
-2.227344 0.448121
-1.835487 -0.931538
-0.329035 -0.510755
0.035659 -1.592983
0.770212 0.816868
-0.103082 0.860726
-0.642418 -0.128028
-1.738066 -1.731538
-0.639547 -0.781696
-1.434146 0.134221
-0.437667 1.027932
-1.474347 -0.082422
0.787051 0.020941
-1.825288 -2.691920
-1.115206 -2.022220
0.423575 1.190007
0.108796 2.008657
0.166990 0.468369
-0.293007 -2.119205
-0.908382 -3.158200
-2.268519 -4.238406
-0.898833 -1.183213
-0.554472 0.698643
0.523352 0.539145
0.115547 -0.785677
-0.225573 -0.402185
-0.647388 0.128853
-2.027851 -0.529048
-1.114194 0.007409
-1.022690 -0.978323
-0.718927 -0.686855
-1.546233 -1.770707
-0.142295 0.256274
0.268132 2.022501
-0.810512 0.196060
-0.969423 -0.007817
-0.320582 -2.687935
0.165125 0.863734
-0.930232 -0.470369
-2.291490 -1.614258
0.390334 1.352550
1.206005 4.445132
-0.327527 -0.489231
-1.371599 -2.939807
-1.215397 -3.750931
0.350564 -1.421565
-0.329877 0.065239
-0.769489 0.023382
-1.081392 0.029395
-1.678135 -1.472274
-0.576869 -0.926032
1.100624 -0.232955
0.943654 -1.864082
-0.968741 -2.937815
-2.423891 -3.005980
-2.202448 -1.958105
0.204537 0.922147
3.317060 3.996979
2.086991 1.163999
1.365136 1.302249
1.513867 0.725135
0.194326 0.180971
0.794534 0.183200
0.362667 0.095767
-2.232373 -2.503677
-2.523793 -2.586600
1.492739 2.137706
1.897060 1.332265
-1.188625 -0.853577
-1.888397 -2.438589
1.891513 1.518176
0.840296 1.110014
-0.542630 -0.770654
-1.366217 -1.975909
-1.201157 -1.925229
-1.062853 -0.585564
0.153307 -0.339336
1.845221 2.317799
2.315508 2.131053
2.240030 1.991012
-0.565300 -0.842491
-3.262496 -2.818547
-3.360520 -2.247774
-2.253705 -2.255385
1.760980 0.863404
0.147117 0.078662
-1.817180 -1.208199
0.456553 0.022033
0.357443 0.008638
1.112667 0.651580
2.354513 2.789715
3.373346 3.519285
0.983045 1.294103
1.156729 1.363740
-1.713855 -1.674434
-2.413901 -2.055070
-1.814712 -2.694711
-0.338633 -0.905191
-0.567529 -1.036253
1.321618 0.863768
3.636075 3.908699
-0.262886 -0.290376
-0.312037 0.108325
1.477554 0.969550
1.898687 1.738611
0.062113 -0.696975
-1.390814 -1.563814
-3.032325 -3.604626
-2.538927 -2.318637
1.336253 2.528968
0.382215 -0.679205
-0.936546 -1.694553
-0.872716 -1.029041
0.622053 1.445512
0.784939 1.247712
-3.336158 -3.674631
-4.341225 -4.194499
-0.025513 -0.435742
1.168079 1.191305
-0.555610 -0.896052
-3.400436 -4.225789
0.024285 -0.358542
-0.226618 -0.305746
0.753797 0.851403
-3.828960 -4.006396
-4.826877 -3.904123
-0.778760 -0.581229
3.372639 3.383778
0.854098 0.909650
-1.997074 -1.440058
-2.429130 -2.749652
1.257451 0.614870
4.877606 4.174692
3.642517 4.214291
-0.348405 -0.081094
-2.258271 -1.817333
-1.299839 -0.655568
1.324854 0.994786
2.579332 1.934343
-1.943040 -2.402688
-1.038927 0.048002
2.702635 3.984646
-0.048066 -0.375491
-0.380038 -0.000964
1.498281 0.833311
1.998009 2.059679
0.644590 0.671908
0.111348 0.080722
-2.777648 -2.559635
0.171899 0.094198
4.010790 4.760591
3.011282 3.362070
0.998877 0.638454
-1.929653 -2.715202
-0.588430 -0.066720
0.989651 0.526239
0.794170 0.359403
-0.402732 -1.036743
-1.196659 -2.068198
-0.200082 -0.281497
-0.248223 0.734218
-0.803925 -2.427067
-0.208558 -1.854693
-0.749597 -0.001499
-0.916640 0.186107
-1.056734 -1.212390
-1.068590 -3.137169
-0.802082 -1.132306
-1.392905 1.972839
-2.488048 -0.719623
-0.515968 -3.300090
-0.634293 -3.541170
-0.504684 -1.163905
-0.432094 0.736161
-0.407291 1.124785
-0.437111 -0.147975
0.095497 -1.940634
1.056543 -1.521117
-0.595754 -1.749031
-1.608391 0.730790
-0.574985 2.313903
-1.635208 -0.775554
-0.159335 -2.666417
-1.226409 -2.257904
-0.630922 0.656091
-0.585528 0.823580
-1.320413 -0.292357
-0.940443 -0.604487
0.237177 -1.410756
0.363023 -1.037578
-0.618910 -0.992140
-1.138121 -0.408429
-1.322344 0.868536
-1.806005 -0.889430
0.103872 -1.524879
0.437227 -1.322028
0.679840 0.670908
-0.721636 -2.456363
-0.493608 -2.468966
0.188703 -1.660903
0.455497 -1.092126
-0.429560 1.920230
-1.131574 2.821711
-0.565942 -0.162761
-0.892170 -1.324243
-1.467525 -1.122715
-1.253607 -0.067217
-1.684241 -2.025158
-0.381099 1.064646
0.558042 1.217615
-0.622709 -1.951448
-1.548205 -1.700468
-0.366012 -1.764067
0.436465 -0.652581
0.168306 -0.503262
-0.560812 -0.742098
0.457381 0.538707
0.524365 -0.503570
-2.002261 -0.738525
-1.301209 -1.278947
0.075657 -2.957846
-0.727677 -2.383302
-0.875914 -2.090390
-0.772172 -0.475245
0.169961 0.541492
-1.062993 -0.169187
-1.223064 -1.642879
-0.188565 -1.261430
0.351043 1.006217
-1.163621 1.869244
-1.696410 -0.411838
-2.089500 -2.725320
-1.278704 -3.130448
-0.720410 -2.182912
-0.063187 0.062815
1.651009 1.135384
1.172966 0.437907
0.353435 -1.619334
-0.994953 -1.609707
-1.084986 -1.507236
-0.458884 -1.152311
-2.606544 -2.348069
-0.953125 -3.074929
-1.057167 -3.355779
1.019300 0.252869
0.964418 0.704215
-0.341307 -0.794948
-0.544516 0.280895
-0.486561 -0.369513
1.092355 -0.624603
-0.080172 -2.022458
-0.396881 -1.204286
-0.823738 0.911896
-0.132468 1.036292
-0.947792 -1.636813
-1.659633 -0.879856
-1.475671 -1.348493
-1.166506 -1.304134
-4.602084 -2.637806
-0.769597 -0.774576
0.294817 0.594232
-1.120588 -0.619576
-2.672440 -1.339016
1.341528 -0.240608
0.489697 -0.423689
1.226881 0.616264
-2.032233 -0.895912
-2.308909 -0.821135
-1.233391 -1.386785
-1.739257 -1.658804
-1.970855 -1.102979
1.448581 0.332789
0.611510 0.124009
-0.847418 -0.408463
-4.067269 -2.034205
-1.784840 -1.330844
-1.133227 -0.836887
-1.909280 -0.670605
-0.297068 0.266724
-0.040926 0.390789
-0.778252 -0.540658
-2.619973 -2.068824
-2.265104 -2.111847
-0.638837 -1.037982
2.702163 1.181139
0.085346 0.513451
0.069125 0.232675
-2.184996 -1.361019
-2.519205 -1.846761
-0.975596 -1.515804
3.282877 1.620647
1.507537 0.372573
-1.966231 -1.129308
-1.734130 -2.213444
-2.329345 -1.269104
2.053875 1.119613
2.711983 1.305095
-0.092875 -0.700627
-2.958089 -1.428742
-4.333409 -2.774160
-0.463013 -0.720337
-1.582839 -1.383698
1.188361 0.313239
0.777750 0.531840
1.498680 0.162366
3.126516 1.830915
3.111646 2.144531
0.270065 -0.479576
2.187235 0.765699
0.654693 -0.186381
0.100102 -1.043569
-1.917059 -1.282293
-1.947413 -0.724084
-5.126944 -2.736901
0.964996 0.128323
2.393130 1.404146
2.322606 0.560828
-1.985549 -1.640371
-2.604379 -1.494209
-0.632397 -0.893441
-1.699350 -0.944880
0.283453 -0.371514
-0.160233 -0.420591
1.780806 0.221758
0.393651 -0.542133
-2.967529 -1.468848
-0.892843 -1.363567
1.555428 0.532699
0.170049 0.326739
-0.658553 -0.292333
-1.970427 -0.711213
-4.445852 -2.544196
-3.205459 -1.821177
-0.956221 -0.169385
0.395418 -0.645716
0.576214 -0.138084
-3.255615 -1.541397
-4.253667 -2.364384
-0.289938 -0.508370
1.570529 0.779732
-0.626192 -0.880312
-2.699813 -1.947991
-0.862224 -0.183839
0.235030 -0.423793
-0.155592 -0.632664
0.063003 -0.460726
1.285590 0.275728
-1.545442 -0.901987
-6.790858 -3.587767
-1.380243 -1.051810
0.238689 -0.491299
-0.049616 -0.113160
-1.339613 -1.293243
-1.645562 -1.203908
2.340201 1.326862
1.578220 3.093051
0.788614 2.379810
0.411833 0.267667
-2.180158 -1.953092
-0.854880 -0.925109
-1.476274 -0.864973
0.529120 0.523434
-0.079740 -0.422486
-1.137070 -1.614554
-1.018326 -1.223901
-1.237472 -1.153591
1.719376 2.468170
1.582799 3.028575
-1.750779 -1.230346
-3.979207 -4.530172
-0.654195 -2.821015
1.702859 0.485730
-0.632483 0.606001
-2.060019 -1.528723
-1.994708 -1.099029
0.997040 1.316783
2.326242 3.327687
0.450701 0.977685
-1.535941 -1.529306
-1.453785 -2.851171
-0.329749 -0.791956
-0.461993 -1.512715
-0.252226 -1.566222
-0.611221 -1.061471
0.181104 1.269992
1.751176 1.986170
-0.492465 0.164123
-1.329748 -1.283417
-2.053340 -3.286262
-1.118900 -1.162194
0.474906 3.024332
2.322609 3.434758
0.234594 0.766105
0.372212 -0.116563
-0.297036 -1.712690
-1.833062 -3.058972
-0.387149 -1.883434
-0.636770 -0.274322
0.537438 2.118727
-0.103781 -0.143333
-2.786474 -4.777549
-1.149594 -3.882538
-0.579650 -0.464239
-0.939370 1.132289
0.263688 0.304584
0.747227 0.714303
-1.703325 -2.850746
-2.725171 -2.869472
0.011896 -0.021381
0.297163 -0.070025
-1.299410 -2.164737
0.406688 0.837848
-0.581937 -0.526317
-0.180970 -0.026170
0.053312 0.944547
0.414936 -0.279747
-1.894070 -2.566699
-1.050839 -1.709629
-0.114215 -0.462959
0.321478 2.225407
0.921434 0.078221
0.776389 0.206775
-0.787779 -0.495536
-3.028183 -3.608246
-2.167962 -2.536720
-0.280779 -0.827079
1.567330 2.769683
-0.194144 1.840229
-1.183909 -1.972676
-0.010037 0.410039
-0.647095 -0.060062
-1.888070 -1.718691
-0.515682 -1.824246
-1.391640 -2.626052
-1.887895 -2.359617
-0.194139 -0.674325
-1.048131 -1.003069
0.452294 -0.107185
-0.424305 -0.716105
-0.283969 -0.372078
-0.464716 -0.717072
-1.541296 -2.675990
-1.266388 -2.231715
-1.154555 -0.697469
-3.076735 -3.934331
-0.300804 -1.322712
-0.887928 -0.632179
-0.141407 -0.219449
-2.367000 -2.137512
-2.351562 -2.141188
-1.784643 -2.684392
-0.120707 -0.200482
0.917928 1.739534
0.871875 0.761890
-0.367155 -1.049699
-2.711670 -2.193624
-0.905226 -1.538076
-0.200456 0.174112
-1.682285 -1.852583
-4.644873 -3.353863
-1.594043 -1.186147
0.913923 1.005403
0.142724 -0.254781
-2.191277 -1.109781
-2.140301 -1.639983
1.403850 0.565859
-0.348170 0.274039
-3.738854 -1.956655
-0.950768 -0.622019
-0.658661 -0.982431
0.600300 0.287420
-2.298564 -1.504197
-1.118068 -1.692589
-0.298813 -0.555691
-0.475197 -0.195793
-0.320612 -0.220088
0.171364 -0.249300
-1.221018 -0.803553
-0.774592 -1.174444
0.181875 1.064563
-0.781881 0.065993
-4.042439 -3.436118
-1.338980 -1.284300
-0.270241 -1.318322
-2.119486 -1.392856
-1.561786 -0.713807
0.684393 0.648239
2.561143 1.580494
0.851643 0.249618
-0.025079 -0.118537
-3.130658 -3.190817
-2.053908 -2.399270
1.278925 0.382725
-2.498544 -1.457813
-2.025989 -0.661445
2.667467 2.272253
2.802981 2.200144
0.878266 0.488357
-2.113104 -2.538241
-1.800941 -1.709227
-0.291088 -0.001890
-0.155762 -0.693596
0.969090 0.057296
0.411320 -0.472155
-0.410959 -0.555020
-0.303580 -0.716818
-0.262803 0.045007
0.432593 0.465440
-0.790042 -1.866209
-2.447779 -2.712238
-1.646998 -1.056124
1.471264 0.944328
-2.014925 -1.562215
-3.279067 -3.010211
-0.827237 -1.024317
0.886407 0.907690
-2.022460 -1.591493
-2.564708 -1.863957
1.068333 0.856544
1.776215 -0.030380
3.799441 2.259478
3.127040 3.068894
-0.334737 -0.051248
-3.291761 -3.426864
-3.226778 -2.684965
-0.927296 -1.158832
0.274095 -0.379672
0.637115 0.435617
-1.304409 -0.701919
-2.263335 -2.691592
-2.076433 -2.158728
-0.083152 -0.975155
-0.589238 -0.626139
-5.748772 -3.972830
-1.425158 -0.619797
0.633548 1.508731
-1.688199 -0.503771
-0.955979 -0.704850
-0.694866 -0.658294
-0.326203 -0.008698
-2.098338 -1.662359
-3.632203 -3.551031
-3.148257 -3.205903
0.055511 0.605236
1.296230 1.931469
3.068178 2.025551
0.431735 -0.563962
-3.048625 -1.554988
-3.137880 -2.031081
-2.742701 -3.131727
1.899019 1.043191
3.506422 2.597359
0.358650 0.122883
-0.866281 -0.725229
-0.608676 -1.497330
-0.811962 -0.049592
-1.803829 -0.318795
-0.230421 -1.582246
0.127360 0.026379
-1.416189 -0.028037
-2.205859 -2.457115
-1.662533 -2.289480
0.847186 0.843937
-0.057485 1.518330
-0.982576 -1.157420
-1.798702 -3.814041
-2.174240 -3.886575
-0.884063 -0.963751
1.280550 2.551601
1.086850 1.759742
-0.801191 0.089497
-2.028546 -2.450086
-4.259380 -4.589478
-2.000814 -3.941248
2.756093 2.783784
3.069102 2.879870
-0.933666 -1.917317
-2.806952 -2.935966
-1.144447 -0.282934
2.060002 1.600188
1.091704 2.004025
-1.584109 -2.189219
-2.362613 -3.167264
-0.015735 -0.934267
1.724027 0.966454
1.834277 0.320303
0.454570 -0.954749
-1.542075 -2.662279
-1.214152 -0.978312
-0.919772 0.068140
-2.055874 -1.930089
-2.959507 -2.367616
-0.473094 -0.919811
1.827922 0.602045
0.292755 -0.936450
-1.195713 0.895919
-2.139181 -1.142104
-1.569723 -1.205903
0.543257 -3.146084
0.396000 0.461228
0.254751 2.026186
-1.693722 -2.791583
-1.977505 -2.412200
0.665045 2.427131
0.298173 2.086847
-4.761413 -3.251017
-3.899086 -2.677996
0.876130 0.721979
2.643727 1.631559
2.403530 1.769140
-3.016782 -1.078789
-3.428278 -1.598757
-3.350591 -1.028034
-2.431470 -2.196708
-1.296090 -0.824186
0.240935 1.117214
1.634165 0.858626
-0.114054 -1.196163
-3.775169 -4.053832
-2.852327 -2.188367
1.638905 0.013916
1.248301 -0.659781
-1.684400 -1.626491
-2.688706 -0.510145
-1.010065 0.821487
0.083056 1.046339
1.961251 -1.370032
1.009887 -0.739273
0.610771 -0.944090
0.280709 -1.657002
1.199452 -0.928824
-0.681220 -1.051176
-1.935921 -1.279625
-0.291124 -0.488631
0.826528 0.447469
1.338930 1.009365
1.215508 1.091782
-0.976574 0.328487
-1.485973 0.714098
-0.329407 1.020578
-1.457682 -2.658371
-3.528433 -3.372395
-3.203332 -1.271656
0.227803 0.838685
-3.506796 -2.141262
-0.764323 -0.575542
0.470921 -0.256419
2.052629 -0.447606
0.016491 0.478066
-1.815818 -1.360001
-2.962410 -1.703924
-2.426253 -2.660544
0.426082 0.072219
3.917501 0.722083
-0.047927 -0.966920
-0.655563 0.333123
-0.151863 0.405584
-0.618536 -0.200635
-0.283748 0.145904
-1.518257 1.599367
-1.719971 -0.397299
-1.208693 -1.189051
0.882117 -0.586906
0.872099 0.135137
0.713279 -0.576232
-1.304333 -0.727087
0.237646 1.104700
0.519740 0.620189
0.514431 -0.441818
-0.424933 0.160056
-3.199845 -1.161423
-2.885118 -1.927445
-0.624980 -1.317091
-0.085197 -1.558183
0.779306 -1.095711
-0.335759 -1.701075
-1.899017 -1.582268
-2.991416 -1.950324
-3.059033 -1.761729
-0.667772 1.598900
0.928806 2.518777
1.600445 0.275756
-0.575151 -1.642545
-1.706577 -3.376485
-2.157942 -1.332662
-2.113703 -0.322278
-1.413273 0.189956
-0.453252 -1.492847
-0.776886 -2.424173
1.188625 0.816047
1.031957 2.241250
-0.649677 2.151564
-1.152060 -1.077747
-1.528824 -2.367441
-2.547406 -1.855652
-1.170451 -1.448118
-1.099487 -0.828774
-0.211321 -0.541979
-0.181654 -1.235004
-2.265404 -2.646720
-1.282569 -1.123439
1.378339 1.098480
2.427449 1.549393
-0.205442 -2.165089
-2.222894 -3.585600
-1.045517 -0.414258
0.876772 2.659528
0.579238 1.536168
0.283831 -1.684240
0.595892 -0.906490
0.030371 -0.171857
0.579434 2.066173
-0.059961 0.730496
-0.051751 -1.002318
-1.040381 -0.958179
-1.739900 -1.320911
-0.307991 -0.418976
0.939054 -0.314914
1.197385 -0.275588
0.518121 0.130538
-0.221127 -1.213321
-1.645907 -2.920819
-0.398770 0.845091
-0.748031 1.418528
-1.826524 -0.712115
-0.779986 -1.925445
0.117461 -2.340349
-1.205589 -1.842616
-2.219861 -0.292140
0.946302 1.451884
1.538724 1.884413
-0.016888 -1.260908
-1.246796 -2.044513
-0.661428 0.834003
-0.308994 -0.218306
-0.629767 0.220883
-0.874783 0.108355
-0.617807 0.561275
0.542537 0.464505
-0.564236 -1.062878
-0.904014 -2.387796
-0.755954 -0.495058
-1.020801 0.387011
-1.578940 -1.433746
-0.235496 -0.894862
0.061958 0.191509
-0.848855 0.714608
-1.687115 -0.200815
-0.036432 -0.763695
0.340308 -1.513037
-1.152463 -0.600591
-0.106364 0.116900
-1.463208 -0.348705
-0.201727 0.116950
-0.212757 -1.173818
-1.730291 -1.438332
-1.830152 -3.248705
-2.861769 -3.729360
-0.757610 -1.454533
0.508047 0.117908
0.475087 0.798378
-0.418594 -0.464639
-0.949333 -1.261192
-0.545899 -0.589344
-0.043728 0.578592
0.129119 0.510828
-1.946748 -2.761972
-1.299881 -0.969553
-0.119246 0.362090
-1.459449 -1.808830
-2.632889 -4.281402
-0.775859 -0.179937
-0.034723 -0.046936
-0.958427 -2.133039
-2.032779 -2.992321
-1.255433 -0.694551
0.377428 0.652019
1.183715 1.338337
-1.028222 -0.876999
-1.311107 -1.895008
-1.581140 -2.719029
-1.743833 -2.340332
-1.409571 -1.289411
-0.473479 -0.422620
0.039180 1.024828
-0.759851 -0.426160
-1.270654 -1.651582
-0.817156 -1.795161
-0.345284 -0.947812
0.878945 1.203431
0.455299 0.533525
-1.167461 -1.142004
-0.949189 -1.164650
-0.774212 -0.460157
-0.762389 0.347072
-1.057351 -0.793774
1.033413 2.367807
-0.830735 -0.976544
-0.020583 0.324946
-0.316243 -0.313768
0.323868 0.502593
-0.880746 -0.866407
-0.809310 -0.415874
-0.973784 -0.667001
-0.645349 -1.406399
-1.207103 -0.372447
0.544088 1.032008
1.051705 2.414482
1.562934 2.099764
0.027893 0.580924
-0.717752 -0.409338
-1.245234 -1.531187
0.879930 1.127806
1.870473 3.880008
-2.630061 -3.755555
-2.921510 -4.678913
-1.203267 -1.442062
-1.299213 -1.865328
-1.507344 -2.780619
-0.576070 -1.252262
-1.106771 0.072879
-0.887820 -0.453053
-0.060129 0.847131
-0.538842 0.355007
-1.192876 -1.515150
-0.375237 -0.205387
0.653752 1.197016
-0.156892 0.478412
-0.764256 -1.257042
-1.589729 -2.882269
-0.885385 -1.450650
0.955521 2.010833
1.298524 3.226749
0.819198 2.485455
-0.011069 0.335311
-1.003573 -1.025348
-1.005702 -1.302179
-2.638099 -3.762039
-1.441534 -2.636439
0.610606 1.551233
-0.760992 -0.529873
-0.522933 -0.723605
0.098688 0.889259
1.210085 2.470757
-0.685493 -1.016921
-0.811165 0.017446
-0.080254 -0.413390
-0.576232 -0.836568
0.717423 0.973036
0.730636 2.434605
-0.509438 -0.205621
-2.118611 -4.092383
-1.945754 -3.752624
-2.600070 -4.164323
-0.305338 0.201637
-1.315514 1.011363
0.416868 0.576536
0.589409 0.925046
0.800488 0.082074
-1.279033 -0.830380
-2.899897 -1.590108
-5.626818 -2.709580
-5.372491 -1.761678
-1.253106 -1.078314
2.800758 3.509071
0.121788 0.629435
-0.587728 -2.092955
-3.287068 -2.092978
-1.459035 0.942653
0.098976 2.801881
1.963017 1.148927
-0.986790 -0.945848
-2.518844 -2.785481
-2.884977 -0.514684
-4.052759 -2.161258
-2.339098 -0.445307
-0.097827 0.424219
1.713411 -0.477195
-0.414436 -1.106583
-3.303271 -0.574905
-3.252249 1.834113
-1.792964 1.251210
1.636367 -0.719765
1.457533 1.968212
0.062751 -0.127373
-3.483032 -1.008558
-2.821528 -0.637000
0.039714 -0.394143
1.114958 0.342563
0.304276 -0.711784
-0.574286 -1.051116
-0.673476 -2.360066
-1.172139 -0.282901
-0.934489 0.896357
-0.558304 -0.687456
1.161546 -0.002046
2.737097 0.894754
1.121381 1.889601
0.476276 0.236371
-0.975733 -1.351318
-4.073983 -4.107075
-1.831425 0.733459
2.752737 1.706176
3.161562 -0.626586
1.317231 -1.124085
-1.344150 -0.967524
0.092776 -1.107966
-0.153599 0.178010
-2.162428 -0.307980
-3.474499 -0.885254
-0.485851 -1.015496
3.331538 0.759020
3.997524 3.317030
1.865784 0.779543
-1.525327 -1.510611
-0.608666 -3.901658
0.885264 -2.800104
-1.645041 -1.764709
-1.824152 0.117007
-0.440597 -0.488377
1.121365 -1.173011
0.901004 -0.171599
-0.208244 2.206572
-0.993926 1.087850
-2.797185 0.844628
-0.820514 -0.328919
0.000788 1.508205
2.569894 3.295157
2.418044 1.274755
-0.205833 -1.586516
-0.395394 -2.071586
-3.610946 -1.285239
-1.682124 -1.742166
0.475469 0.747751
0.856435 1.181711
-0.254880 0.763073
-0.365560 -1.258141
-0.952056 -0.642143
0.082277 -0.619485
-2.200713 0.505273
0.162019 0.404519
1.720249 -1.462813
-1.957024 -4.068654
-2.644736 -2.303358
0.509575 0.677602
1.512098 1.390623
1.498543 -0.813460
1.003009 -0.479031
-1.855632 -2.342558
-1.956432 -0.382820
-0.585839 1.517521
-0.987674 -0.137834
2.259163 -0.870990
1.639667 -0.845320
-0.387622 -1.182470
-0.474582 -0.816069
-2.433973 -2.647925
-2.972711 -2.491308
-2.602894 -1.339360
0.811926 1.050720
-0.733321 0.165461
-1.597252 -0.822894
-1.266443 -1.706860
0.244217 -0.536662
1.870625 2.826957
0.089974 1.890780
-2.628890 -3.967167
-0.809025 -0.754341
-2.251008 -3.230814
-1.796319 -4.555671
0.559560 -0.359702
1.145749 1.253709
0.170397 1.804789
2.011164 4.576785
0.913661 2.557866
1.064543 2.289323
-0.200943 0.517348
0.627125 0.782231
-0.833234 -1.439464
-2.183206 -5.287499
-3.566687 -4.721789
-0.684528 -0.158277
-0.621470 -1.462489
0.243307 -0.615212
-0.264702 -2.881530
0.161640 -2.334923
-1.203336 -1.245992
-0.046079 2.672694
0.629506 1.674366
-0.098458 0.199331
-1.352066 -1.831689
-0.776780 -1.396441
-1.017699 -1.557115
0.315339 -0.157050
-1.540612 -0.884846
0.245607 2.968718
0.697209 1.867250
1.126641 1.250112
3.033190 3.394402
0.235037 0.235987
-1.034659 -0.606603
-1.389636 -3.531872
0.902464 1.547247
-0.857235 -0.801629
-0.361648 -0.799088
-0.425950 -1.836972
-0.866278 -2.327823
-1.716290 -2.038104
-0.881693 0.406066
-0.714896 0.532021
-0.801535 -2.516837
-2.569376 -5.102887
-1.021094 -3.422800
-1.620867 -2.670035
-2.085498 -2.440165
-2.286641 -1.459401
0.639467 2.445590
0.793827 0.705767
-2.409593 -4.098868
-2.684108 -4.335319
0.596765 1.176601
-0.352841 1.374752
-1.270804 -0.661398
-0.546719 -0.054364
-0.157600 -0.144082
-1.055079 -1.359801
0.774156 1.111243
0.726096 2.088691
1.218931 1.697745
0.377918 1.955482
-0.595426 -0.354633
-0.602997 -1.674013
-0.120736 0.262686
-1.539564 -1.512009
-0.647206 -0.759738
0.171848 -1.804758
-0.662696 0.106852
2.215797 4.216812
0.112429 1.601372
-1.644438 -2.926776
1.118640 2.142648
0.407002 0.370818
-1.235554 -1.306609
-0.706874 -0.968353
-2.152298 -4.249916
-1.666042 -1.662338
-0.491461 -0.032628
0.427393 3.009364
-0.296826 1.107702
-0.214752 0.407944
0.409956 -2.063473
0.888935 -0.305916
-0.905454 0.083136
-2.289216 -1.614818
-2.287420 -1.430286
-2.687207 -3.012928
-1.583825 -2.215186
0.707165 0.283651
-1.164036 -0.589740
0.671494 0.679253
0.498179 0.998091
-1.745067 -1.788000
0.158165 0.294182
-0.827186 -1.441944
1.035064 0.915630
0.766463 1.293197
0.931034 1.592265
-0.956497 -1.133113
-1.027369 -1.158135
-0.093972 -0.146992
-1.475707 -1.588386
-0.255097 0.310308
0.231635 0.732258
1.322950 2.121394
2.631718 2.479929
2.327984 3.142094
0.987173 0.879728
-2.301657 -3.100983
-3.585510 -3.838002
-0.624156 -0.465838
-0.652939 -0.659747
-0.005005 -0.020774
1.155064 1.276258
-2.304849 -3.157285
-2.471868 -2.438484
-0.062078 -0.066690
1.419372 1.196612
1.394263 0.790608
-0.805425 -1.183689
0.020669 0.323336
-0.491074 -0.842981
-1.624650 -1.687568
0.974095 0.581269
0.542828 0.316480
-0.901409 -1.902994
-2.202765 -2.946678
-1.322997 -2.116710
-1.737241 -1.387222
1.602040 2.911133
1.776334 2.098402
-0.681412 -0.120093
-0.777160 -1.109937
1.180695 1.687628
0.696569 0.730653
-3.400289 -3.593802
-1.893148 -3.227982
1.124955 1.563508
1.347447 1.370280
-0.847401 -0.975184
-3.219518 -2.940101
-0.850866 -1.025130
1.323266 1.855550
0.806362 0.630496
-0.510870 -0.551192
-2.300391 -3.129683
-1.427780 -1.831809
1.501950 2.543515
-0.557169 0.341770
-3.595125 -4.049911
-2.118505 -3.164053
-1.492666 -2.024839
1.211254 0.497913
1.762240 2.053089
0.113967 0.145350
-2.595746 -3.662752
-4.015649 -4.270669
-2.622640 -3.893587
0.796879 1.320549
4.183434 5.587449
3.978130 4.443567
1.397325 0.929284
-2.894791 -2.978018
-3.022870 -3.139584
-1.771076 -2.129037
0.725569 0.783599
1.877566 2.677702
-0.883632 -1.134805
-3.288357 -3.830757
-2.420265 -3.536341
1.308272 1.311988
0.103885 0.544076
-1.253995 -2.065580
-1.948920 -1.568873
-0.401910 -0.334930
0.513919 0.954600
-0.062389 -0.577498
-2.230616 -2.047502
-0.751025 -0.574695
1.599984 1.308936
1.313896 1.067860
-3.054156 -3.509177
-2.443710 -3.053424
2.398006 3.409625
0.095120 1.186000
-0.870617 -1.098294
0.948826 1.357927
-0.428149 -0.660413
-0.984297 -0.952470
-2.302563 -2.806610
-0.420781 -0.184276
1.587780 1.612864
-1.171380 -1.079213
-1.592828 -1.465036
0.103731 -0.171729
3.320506 2.840352
0.759447 0.826118
0.199533 0.354120
-0.050073 -0.215233
-0.252616 -0.210687
-1.102533 -0.365660
0.443155 0.586124
0.256931 0.158282
0.302745 0.269962
-1.439376 -1.370888
-3.114752 -2.958410
-2.041456 -1.458269
0.266961 0.910203
0.578526 0.940720
-0.408355 -1.071016
1.828356 1.583176
-0.845483 -0.513979
-3.028529 -3.173022
-3.256985 -3.044185
-2.007352 -1.497116
-1.580181 -1.101127
-2.320836 -2.159749
-1.486306 -1.162950
-1.734283 -0.986023
-0.496596 -0.573145
-0.089974 0.836263
-1.494006 -1.134297
-1.242356 -0.831328
-0.348534 -0.912830
0.200105 -0.327937
-1.942825 -1.651308
-1.339985 -1.590393
-0.398956 -0.199621
1.708508 1.330785
-1.826754 -2.080315
-1.552736 -1.770483
-0.628234 -0.886013
-1.462447 -1.540466
0.231319 -0.161615
-1.877952 -1.489206
-4.426076 -3.620077
-3.424856 -3.296194
-0.308617 0.026813
-0.371598 0.125260
-1.008872 -1.813417
-1.289537 -0.782331
0.496507 0.651081
1.861471 1.418422
-0.496064 -0.867384
-1.532121 -1.478531
-1.505887 -1.549864
-2.134833 -2.008866
-1.530931 -1.246829
-1.350177 -0.324600
-0.678852 -0.271781
-0.753238 -0.749506
-2.231029 -2.941253
-3.188745 -2.475997
-1.661147 -2.233438
0.680040 0.152553
-1.662581 -1.792750
-0.037158 -0.701508
-1.157809 -0.690478
0.580690 0.606983
-0.669891 0.100307
-2.703031 -2.206555
-2.624139 -2.871832
0.921254 -0.309674
3.417217 2.281141
0.534597 0.686328
-1.544142 -1.061713
-2.281850 -2.129374
0.391784 1.047472
3.890243 3.638835
1.286615 1.406530
-0.314603 -0.053627
-1.564314 -1.052662
-2.203809 -1.870519
-1.965410 -0.426565
-3.757705 -2.759024
-2.985550 -3.163117
1.194854 0.738213
0.256840 0.867734
-2.935858 -1.817281
-3.851089 -3.130736
-0.970535 -0.646928
2.715613 2.041501
3.086238 2.629738
1.542451 0.963545
-0.181776 -0.530904
-0.210836 0.044544
-1.819062 -2.033527
-1.014052 -0.219747
-0.658287 -1.249110
-2.075795 -2.444963
-0.727760 -0.438852
-0.615037 -0.298512
-0.732621 -0.807684
-1.029033 -0.993446
-0.237493 -0.234294
0.219911 0.103229
0.471039 0.157679
0.422133 0.069629
0.498399 0.248816
-0.854674 -0.655086
0.093146 0.159136
1.212638 2.216422
1.597911 2.007337
-1.218059 -1.950252
-2.434099 -3.393701
-1.609465 -2.444094
0.120784 0.489443
1.827776 3.077160
3.556198 4.016062
1.336110 1.774915
-0.053974 0.467059
-0.756464 -0.997936
0.417472 1.148600
0.301030 0.000757
0.776410 2.050856
-0.563589 0.287464
-1.302593 -1.693189
-1.756046 -2.179594
-0.452834 -0.321220
1.509853 2.257940
-0.170645 0.283807
0.118898 0.566818
-0.881604 -0.862821
-1.359977 -1.467479
-0.733421 0.253492
0.874013 0.705629
0.068293 0.431334
-0.731788 -0.626089
-1.200901 -1.419713
1.166636 1.573944
0.017883 0.017689
0.938636 0.953520
-0.019253 0.422649
-0.337868 -0.941436
-1.235672 -1.698741
1.480016 1.410084
-0.938196 -1.560981
-2.287868 -2.722998
-2.212132 -3.282695
-0.228129 -0.944725
0.329923 0.357651
-0.447616 -0.924318
-1.016486 -0.344558
1.040794 1.157992
-1.462403 -1.232428
-3.392084 -4.599795
-2.324798 -2.666936
-0.056848 0.038807
0.150433 0.912600
-0.984221 -1.144994
-1.035152 -1.057787
0.705539 1.161826
-0.254377 0.352023
-0.680611 -0.301498
0.565267 0.820527
-1.494636 -1.389183
-3.411065 -4.299872
-3.252950 -3.273429
-0.483734 -0.482965
0.910198 1.235118
0.535616 1.114714
0.917848 0.911025
-1.343275 -1.424772
-1.488644 -0.970996
-0.432705 -0.356929
0.411353 1.567062
0.288658 0.192013
0.200962 1.344969
-3.149144 -3.870815
-2.339594 -2.741428
1.785835 1.699431
0.173781 0.903715
1.100407 0.657674
-0.343582 -0.930803
-1.880789 -1.943111
-0.482126 -0.848600
-1.411504 -2.326402
-1.217174 -0.935726
0.413308 0.909872
0.067078 0.405423
-0.970671 -1.572890
-3.083772 -2.634068
-1.382817 -1.418865
0.922326 0.434225
1.814963 2.169558
-2.930207 -3.154689
-0.606140 -1.506304
1.848186 2.436804
1.940475 3.457044
-0.287357 -0.359333
-2.249274 -2.148912
-3.531191 -4.893929
-2.791452 -3.798864
-1.492295 -1.910897
-0.624227 0.352612
-0.039014 0.439683
0.317971 1.821469
0.805840 2.121897
-0.770891 -1.981952
-1.387177 -2.254592
-1.409672 -1.418131
-0.628495 0.304525
0.585065 0.639681
1.082011 0.977557
0.009936 0.528152
-0.921912 -0.428095
-2.185898 -2.774928
-1.999009 -2.717496
-2.166675 -2.607069
-0.316472 -0.678483
-0.919741 -1.143850
-1.362426 -2.063399
-2.120995 -3.372695
-0.889582 -1.590969
-1.218628 -1.470842
-0.320166 0.231970
0.724420 1.997898
-0.752453 -1.262530
-0.605541 -0.904876
0.230273 0.095962
-0.778506 -0.682619
-1.384103 -1.901962
-2.134056 -3.491886
-0.278876 -0.216059
-1.203619 -1.563155
-1.250051 -2.694362
0.056302 -0.494842
1.104652 1.323415
-1.071220 -1.051230
-1.706599 -2.837963
-1.311134 -1.935180
1.300859 2.779547
1.485465 2.167486
-1.797663 -3.071116
-2.187111 -3.146198
-1.821127 -2.758898
-1.100180 -0.947555
-0.120973 0.396257
-1.610825 -1.588006
-2.648992 -3.256574
-0.546258 -1.366961
1.158452 1.311269
0.739678 1.110121
-0.607662 -0.583853
0.200925 0.365771
0.965953 1.508238
-0.474075 -0.027705
-0.007978 0.153042
0.440343 0.592186
-1.116094 -1.067457
-0.683365 -1.290885
0.612022 0.344419
0.845438 1.073864
0.497416 0.370596
-0.526544 -0.699645
-1.983264 -2.485398
-0.919138 -0.607234
0.985803 2.430185
0.344774 0.362915
-1.835275 -2.266186
-1.375383 -2.456021
-1.714016 -1.589825
-0.755171 -0.246423
-1.604782 -2.036860
-1.618193 -2.037544
0.735985 1.600056
1.882498 3.018451
-0.934743 -1.312497
-2.668879 -3.552920
-0.407705 -0.413254
0.005811 -0.051088
1.610977 2.029502
0.481038 0.347069
0.126607 0.373562
-0.738980 -0.889964
-0.962019 -1.311841
-0.841889 -1.701621
-0.340105 -0.174771
0.755511 1.515593
0.102566 0.790775
-0.839596 -0.202230
-1.696754 -1.688169
-1.489412 -0.315144
-1.002023 -0.882013
-0.520255 0.474900
-0.447155 -0.287825
-1.503136 -0.598167
-0.734711 0.167448
-0.192140 -0.393012
-0.335807 -0.070868
0.720621 0.078273
-0.794535 -1.453157
0.099045 0.061491
2.989607 0.053389
2.273450 -0.728596
1.705996 -0.429916
-1.085742 -0.459356
-0.825747 -0.896703
-0.886003 -1.234849
-1.274443 -1.282247
-1.392540 0.697162
3.003492 1.902415
0.352069 0.177169
-2.996076 -1.331124
-3.188754 -2.095221
-3.688222 -0.934594
-1.869523 -0.300193
0.491025 -0.171477
-0.149574 -0.501636
-1.598443 -1.772673
-1.427850 -0.470269
-0.612803 -0.727879
-1.242664 -0.537041
0.083347 0.230064
0.455052 0.281294
-0.419338 -0.411262
-0.523612 -1.463562
-0.284888 -1.105385
-3.937399 -1.407080
-1.292544 -0.567085
1.191362 -0.032731
3.327019 -0.482968
-0.666812 -0.733805
-3.376842 -0.331931
-2.372997 0.265008
0.436442 -0.280711
-0.197580 -1.002029
-2.406633 -1.923928
-4.423804 -1.975718
-1.491339 0.369336
2.147223 1.594210
2.871684 0.165083
1.723349 -0.187099
-2.436190 0.071481
-3.618317 0.371940
-3.050657 -1.356525
-0.855564 -1.050648
0.386176 -0.449138
2.292858 0.023577
-1.128091 -1.863330
-1.597552 -1.481349
1.323332 0.012292
-1.114691 0.194967
-4.140638 -1.186522
-0.613571 -0.539443
-0.321344 -0.644710
-1.038215 -1.408258
-1.706743 -1.057846
-0.369520 0.035825
-0.298347 0.599608
-2.079441 -0.999849
-0.799271 -1.190708
-0.723349 0.010885
-0.282274 -0.723020
-1.302172 -0.558659
-2.382357 -0.969826
0.852924 -0.781131
1.712395 -0.007057
-2.559384 -0.795249
-3.024828 -0.568446
-2.076840 -0.794337
-0.163191 -0.608525
-1.273056 -0.225522
-0.807722 0.768471
0.195885 -0.050163
1.351810 0.087085
0.442126 -0.089096
-0.620990 -0.901020
2.229846 -0.864638
-1.322013 -0.721089
-0.462145 -0.715702
0.904119 -1.654097
-0.023250 -0.790149
-2.224825 -0.470528
-2.580268 0.108733
-1.295758 -0.646131
0.192498 -0.234775
1.372136 -0.061458
-0.503689 0.464368
-2.450113 -1.204961
-3.965345 -0.981992
0.189057 0.979480
-0.545824 0.013484
-1.595607 -0.670154
-0.348360 0.220726
0.218520 -0.182227
-2.161528 -1.127805
-1.838970 -0.415016
-0.478227 -0.357460
0.536147 -0.078721
0.454106 -0.357783
-1.208645 -0.877118
-0.599099 -0.717004
-1.601008 -0.600240
-1.951498 -0.330210
-1.438595 -0.932725
-0.063031 -0.272699
1.288195 -0.313405
-0.265874 -0.005410
-0.578839 -0.913378
-1.371554 -0.623535
-0.593947 -0.187264
-0.027024 -0.546164
-0.749426 -0.472125
0.786536 0.014535
1.452940 -0.730802
1.117099 -0.104353
-0.810928 -0.402762
-1.946319 -0.902907
-0.699079 -0.960009
0.675555 -0.372146
0.325459 -0.536920
-2.496294 -0.248311
-2.297764 -0.193550
-0.639734 -0.600860
1.259900 -0.553721
-0.736642 -0.696198
-1.162066 -0.822632
-0.837561 -0.141025
0.836570 -0.053122
0.982339 -0.761390
-1.460976 -0.706208
-0.908413 -0.908763
0.597321 -0.190042
0.195202 -0.577962
-0.835197 -0.266439
-0.869920 -1.003111
-1.350048 -0.437738
0.849288 -0.340536
-0.699515 -0.125105
-0.979374 -0.183520
0.324391 -0.832024
0.571054 -0.541687
0.254121 -0.132143
-1.353224 -0.331119
-1.825593 -0.422783
-0.263731 -0.738002
0.629031 -0.309970
-1.367836 -0.373241
-0.783293 -0.856485
-1.420433 -0.536401
0.400241 -0.473296
2.951254 -0.351822
0.423529 0.040428
-1.749127 -0.285585
-1.818923 -1.117510
-0.042154 -0.671303
0.488307 -0.800280
-2.651687 -0.309487
-2.360949 -0.681678
0.116377 -0.781915
0.007121 -0.587018
-0.572036 -0.945312
-0.461853 -0.722309
-0.144847 -0.849255
-0.187943 -0.304363
-0.793457 -0.498978
-0.129761 -0.618190
0.862543 -0.156366
-0.944686 -0.106679
-1.728341 -1.095067
-0.490304 -0.976921
0.675441 0.044310
-0.310346 -0.779443
-0.334476 -0.350758
1.605714 -0.681812
1.520830 -0.697269
0.155645 -0.936327
-2.796529 -0.386898
-1.876448 -0.812044
-0.626657 -1.035549
0.044478 -0.673681
-0.122644 -0.146436
-1.712480 -0.382593
-2.896196 -1.122254
-1.468739 -0.829555
0.162797 -0.943141
-0.729319 -0.219710
-1.465779 -0.070876
-1.654609 -0.595681
-1.767785 -0.498169
-0.555687 -0.061970
-0.982330 -0.600265
0.785588 -0.409972
-0.954883 -0.356183
-2.412099 -0.364743
-3.552628 -1.993036
-2.005568 -1.228872
1.520550 0.558533
2.937699 0.395763
-0.891347 -0.922964
-0.194672 -0.760463
-0.165400 -0.245392
-0.474660 -1.153306
-3.926914 -2.207420
-4.462836 -2.303074
-2.449152 -1.333489
3.103873 1.450866
6.549948 3.046846
3.158452 1.261790
-3.166485 -2.151945
-5.100704 -2.865524
-0.873206 -0.392003
2.156832 0.474758
1.590391 0.744658
-1.286774 -0.334361
-1.616018 -0.531821
-1.309849 -0.698833
-1.718006 -1.195393
-0.908016 -0.131635
1.988712 0.924341
1.997809 0.539771
0.309078 0.216972
0.341257 -0.490716
-0.441012 -0.286788
1.043913 -0.503392
-0.135003 -0.504077
-0.239789 -0.915789
-0.771575 -0.765442
0.885784 0.150758
-1.996553 -0.838707
-2.901053 -1.637192
-1.186266 -0.801687
1.991217 0.366076
3.675572 1.552082
3.586715 0.829744
-1.933236 -0.741959
-1.532142 -0.539787
-0.531212 -0.150627
-1.026576 -1.406702
-0.685819 -0.094464
-0.216426 -0.284432
0.136835 -0.589135
-1.556163 -1.036038
-0.615280 -1.068396
-0.209118 -0.749046
-0.459001 -0.702555
-3.199678 -1.098690
-3.265948 -2.026304
1.226865 0.126143
2.257011 0.395067
-0.077711 -0.516770
-1.734742 -1.014420
-0.933343 -0.838553
-0.074063 -0.084528
-2.211772 -1.506989
-4.365585 -1.730395
-3.763221 -1.730905
-1.137891 -0.469741
-1.581447 -1.256188
3.308141 1.171797
2.371198 1.165968
1.357187 0.349736
-1.740686 -0.992610
-4.046581 -2.276977
-2.527134 -1.346816
2.240365 0.213788
3.005689 1.246957
-0.477851 -0.835589
-3.702997 -1.525169
-4.978575 -2.162760
-1.790005 -1.063753
-0.198519 -0.375435
1.357552 0.532737
0.618407 -0.001656
0.435040 0.197868
-0.835431 -0.660870
-3.442020 -1.818365
-2.655576 -1.505374
-0.273119 -0.772590
-1.259554 -1.120844
0.546708 -0.292815
0.551763 -0.579321
-1.530817 -0.991871
0.910760 -0.169255
2.582761 0.948813
5.200618 1.938588
0.816479 -0.392379
-4.492589 -1.687489
-0.685018 -0.442092
0.319404 -0.110302
-1.414987 -0.232210
-2.122424 -1.090973
-2.783357 -1.151869
-0.037637 -0.558780
-0.953598 -0.583617
-2.617709 -1.191926
-1.804937 0.406977
2.503078 2.350779
0.299910 1.074432
-2.368506 -2.434086
-4.597700 -3.429229
0.007701 -0.472387
2.243344 1.464861
2.036534 0.529540
-0.758207 -1.848212
-0.902708 -1.921442
0.764872 0.350013
0.711195 0.977888
0.084221 1.259529
-1.091018 -0.145041
-1.497129 -1.112062
0.737283 -0.739825
1.131954 0.991507
-0.710471 -1.905666
-1.285927 -1.922225
-0.669732 0.563945
-0.492030 1.428730
0.395781 0.014898
-1.310545 -1.630033
-3.343469 -4.179233
-2.198536 -1.987754
-1.187812 -0.970768
1.570728 -0.001620
-1.280734 -1.588360
-1.200376 -0.359277
-0.255077 2.228033
0.981501 3.364474
2.895394 0.611912
-1.540307 -2.571631
-1.872100 -1.464919
-0.200543 0.861022
1.161716 0.811086
-1.890507 -4.368641
-2.186386 -1.538267
-1.852437 0.361894
2.152004 2.500373
1.991727 1.982343
-1.994147 -0.578005
-2.010816 -2.711192
2.575325 0.062673
2.753973 1.530934
0.716095 0.289250
-3.041501 -2.775489
-4.588696 -2.874932
-1.723229 -1.435282
-0.730971 -1.083706
0.108505 -0.067331
-0.719401 -0.121699
-1.928273 0.677881
-0.924456 0.298207
-0.008178 -0.018806
1.300656 1.107995
-0.350025 -0.112542
0.081806 -0.536001
2.790088 0.484708
0.916821 0.294274
-0.933276 -1.086546
-0.955237 -1.619046
-1.612801 -2.146529
-2.761363 -1.189527
-1.230381 -1.497772
0.621554 0.996202
1.928056 3.004034
2.040691 1.149475
-1.917279 -1.607192
-4.713633 -3.823678
0.197921 -0.075197
3.898370 3.270963
2.455939 2.011349
0.404573 1.240313
-1.645108 -1.177010
-0.390263 -0.646263
1.939005 1.825126
0.161438 0.240863
-2.171112 -0.649523
-1.403311 -0.947609
-0.836954 -1.284549
-1.097655 -1.319933
-4.317915 -3.863927
-4.926674 -3.395814
0.025139 -0.262336
2.367417 0.359170
3.685382 2.422258
0.026886 -0.397946
0.705951 1.315533
-2.802199 -0.599545
-2.133543 -1.076244
-1.036807 -1.100593
0.873079 0.135842
1.824704 0.938145
4.417407 1.818697
3.158374 1.579991
-0.875813 -1.172714
-1.831764 -0.954312
-0.552393 -0.522101
-0.453296 -1.346378
-1.098025 -1.256411
-0.706636 -0.598591
-0.913090 -0.732551
-1.768456 -2.565767
-1.339692 -2.219757
-1.091636 -1.060501
-0.923088 -2.391767
-1.163863 -2.369369
0.640531 1.286692
0.201531 1.683642
-1.081797 -1.026857
-1.471768 -3.331005
-1.371326 -2.814218
-0.695443 -0.880739
-0.448001 0.113230
-0.009219 1.147642
0.516875 0.554640
-1.316932 -1.556650
-0.676350 -1.744006
0.391675 0.838846
0.127942 2.026189
-0.552025 -0.778611
-0.491055 0.218968
-0.779102 0.400297
-0.129036 0.636949
0.253999 0.708485
0.127846 0.627912
-1.763427 -2.435550
-1.594581 -3.276327
-1.173251 -1.496489
0.827189 1.476732
0.428828 0.059227
-0.751775 -1.241113
-1.407292 -2.567978
-0.566954 -0.732865
0.050583 1.274526
-0.638459 -0.338696
-1.105052 -1.797792
-0.375489 0.248007
0.269440 0.690105
0.019125 -0.228366
-0.852063 -0.595835
-0.763480 -0.482634
-0.796872 -1.163822
-0.317624 -0.106562
0.226929 0.585385
0.042417 -0.367201
-0.296996 -0.814865
-1.378695 -1.520520
-0.620658 -1.519347
-0.606059 -0.098355
0.976302 1.870570
0.251649 0.999693
-1.130910 -0.839812
-1.141258 -0.440868
-0.245770 -0.583653
-1.039288 -1.131035
-0.383503 -0.902470
0.289028 0.147344
0.009684 0.687973
-0.592020 -1.623384
-0.677525 -1.486222
-0.886702 -0.527958
-0.600384 -0.462512
-0.953852 -2.213519
-0.782339 -1.137059
0.002794 0.335236
-1.075347 -0.830208
-1.366582 -1.920106
-0.558417 -0.539441
-0.116920 0.352296
0.543628 1.003493
1.084996 3.216538
-0.035826 0.516879
-1.045596 -2.325085
-1.929921 -3.766367
-0.306124 -0.480513
-0.017632 0.077241
0.326013 1.394035
-0.490631 0.876733
-0.519845 -0.322889
-0.732491 -0.527359
-0.831847 -0.586743
-0.687230 -1.197220
-0.869830 -0.591995
-1.191272 -0.896142
-0.442661 -1.005154
0.031560 -0.393601
-1.393700 -1.482544
-1.359774 -1.069545
-0.333112 -0.927175
-0.544513 0.296300
0.236452 0.281013
-0.242672 0.004155
-0.738502 -0.233383
-1.590617 -1.774956
-1.740140 -1.791907
-0.355624 -0.766979
-0.392927 -0.072108
-0.406283 -0.191960
-0.946291 -1.362543
-0.435444 -1.653652
-0.532253 -0.355651
-0.838018 -1.400957
-1.097884 -3.557959
-0.322254 -0.777245
0.542628 1.025701
-0.201561 -0.362592
-1.455696 -3.561109
-1.576047 -3.566196
-1.209931 -2.596718
-0.884841 -0.508197
-0.112860 2.976110
0.184301 0.874199
-0.141138 -0.909010
-0.785202 -0.443381
-0.545065 -1.868941
-1.234093 -1.895300
-0.656416 -0.783575
-0.573672 -1.253415
-1.465761 -2.318076
0.306343 0.213887
0.321623 2.333243
0.069798 2.899965
-0.439445 0.307758
-0.328570 1.979687
0.447039 2.378596
-0.831350 -2.414137
-1.659018 -3.089219
-1.758138 -5.610605
-1.035140 -0.717358
0.217316 2.838501
0.563248 1.950932
-1.298997 -3.036714
-1.404801 -5.419066
-0.640175 -2.567793
-0.529644 -0.878656
-0.577131 0.420568
-0.102286 1.052036
0.281489 1.168135
-0.121443 0.489462
-1.122884 -1.886054
0.439188 2.873353
-0.307772 0.050149
-1.624624 -3.719942
-1.051601 -3.739222
-0.365645 -1.658706
-0.398155 -1.578429
-0.082615 3.537250
-0.188473 -0.095003
0.359445 1.457809
-0.190981 -1.915092
-0.760158 -0.902808
-0.658973 -1.848903
-0.407558 -0.033712
-0.242484 2.345378
0.220202 1.897860
-0.612567 -2.135805
-1.554822 -3.998181
-0.900214 -2.990822
-0.688462 -0.130659
0.528759 2.493582
1.105101 3.255900
-1.803645 -3.098936
-2.333290 -5.465148
-1.178074 -2.570440
-0.003868 2.156635
-0.048069 0.591861
-0.762785 -0.458974
-2.020611 -3.274749
-1.654868 -4.823556
-0.147643 0.924294
0.788481 3.253569
0.309278 2.611806
-0.791678 -1.762547
-1.219214 -2.884901
-0.622366 -0.679727
-0.384502 0.418735
-0.501917 -0.933454
-0.242847 -0.521458
-0.753313 -1.512094
-1.229451 -2.029927
-0.676159 -0.916814
-0.592770 -1.248532
-0.752878 -1.019410
-0.615348 -1.924823
-1.240679 -3.996913
-0.556104 -0.958396
0.250772 2.218600
1.137310 4.278443
-0.141146 0.027994
-1.554222 -4.593237
-0.904712 -2.796712
-0.347608 0.982149
-1.643611 -3.685560
-0.623909 -2.716709
0.261701 2.609902
1.608846 5.425502
0.268327 2.991261
-3.377567 -2.282404
-5.681222 -4.149041
-4.853540 -3.730067
-0.416224 -0.381075
2.333617 1.742267
-0.314819 0.061680
0.186812 -0.288229
-2.650950 -2.259993
-2.901466 -2.241558
-2.582323 -2.056918
-3.458745 -3.004852
-0.933865 -0.501959
3.389476 1.955644
3.850167 2.845142
1.604664 0.895527
-1.038338 -0.761074
-2.166615 -1.889769
0.070064 -0.384897
1.659455 0.772268
0.963836 0.359168
-1.132859 -0.603901
-1.358436 -1.282996
0.631094 -0.128783
1.622072 1.218602
1.549147 1.179011
0.473350 0.327369
-1.842008 -2.004841
1.377793 0.795955
2.431299 1.426220
1.085316 0.979069
-0.560506 -0.685776
-1.357624 -0.348654
2.898405 1.905801
2.598557 1.619901
1.903911 0.793663
-0.382858 -0.546477
-2.008517 -1.131028
-3.966956 -2.967017
-0.144452 -0.791192
-2.159477 -1.585482
-1.290686 -0.744037
0.014145 -0.661405
0.494925 0.107137
0.429783 0.280575
-1.365595 -1.050596
0.229156 0.063408
-0.629830 -0.528042
-0.751407 -0.657723
-0.893049 -0.041435
-2.149410 -1.790071
-1.995254 -1.937738
-0.886095 -0.895270
-0.502297 -0.233771
-0.837716 -1.224808
-2.597700 -2.035698
-1.526998 -1.053959
0.720227 0.235128
2.388673 1.776538
1.244367 0.276179
-3.186685 -2.515282
-2.408522 -2.316598
-2.041375 -1.585905
-0.802398 -0.400671
-0.161900 0.375552
0.957067 0.622505
0.823658 0.842464
1.390640 0.981442
-0.616956 -0.043480
-1.042214 -0.938488
-0.632854 -0.408570
1.753553 1.268621
0.381969 0.088875
-1.362378 -1.177454
-0.309722 -0.151694
-1.322923 -1.159512
-1.620913 -1.195632
-2.302203 -1.830902
-3.034855 -2.304230
-2.116822 -1.998254
-0.468616 -0.498803
1.912401 1.567775
0.259851 0.484584
-1.667050 -1.073715
0.089997 -0.006344
0.758746 -0.172844
-3.794426 -2.308168
-2.900062 -2.227486
0.065604 0.094350
3.254969 1.773211
0.237138 -0.011219
-3.409484 -2.249856
-1.237182 -1.285466
2.521868 1.557613
2.810093 1.668416
-0.883512 -0.140425
-0.586585 -0.898104
-1.314542 -1.284180
-0.446415 -0.081012
0.829488 0.136121
-2.309439 -1.132779
1.495185 1.363526
1.425827 0.946610
-0.219639 0.228954
-1.285320 -0.991859
-2.314518 -2.637260
-2.195618 -2.329794
-0.019073 -0.115382
-0.796551 -0.215885
-1.513450 -0.978355
0.659890 1.036407
0.004984 0.077839
-0.711520 -0.506054
1.072620 0.567445
-1.001419 -1.880670
-1.218253 -0.699087
1.940610 1.756373
1.411487 2.640689
-2.118569 -2.328572
-3.990664 -5.070433
-1.653101 -1.990437
0.104863 0.372395
2.882381 3.368933
1.137337 1.676438
-1.044196 -1.244618
-2.203527 -2.288085
-0.197379 -0.009570
0.810014 0.309774
0.878359 0.826612
0.071511 -0.004946
-1.730632 -1.765760
-0.058928 -0.139990
-0.797082 -0.725099
-1.685866 -2.764592
-2.454147 -2.837047
-1.782110 -1.183964
-1.346121 -1.790021
-1.402903 -0.234132
-0.081486 -0.489696
0.233218 -0.338310
-0.665866 0.055597
-1.681014 -1.417270
-2.069989 -2.124800
-0.974250 -1.121591
0.411711 -0.541502
0.016171 0.011603
-1.143411 -1.247728
-0.768459 -0.887194
-3.267206 -2.841782
-2.704711 -3.424115
-2.312684 -2.749040
-0.699771 -0.600256
0.525896 0.385647
1.823074 1.924368
-0.412291 -1.443028
-0.268911 -0.842512
0.711806 0.823044
0.320703 0.077687
-0.661442 -1.486974
-1.362177 -1.782130
-0.148895 -0.234528
-0.349880 -0.546670
1.489445 1.664556
-0.318013 -0.418006
-1.952170 -1.686699
0.221369 0.121030
2.925453 2.910458
-0.730093 -0.989115
-2.936205 -3.372640
-2.953574 -3.149266
-1.414236 -2.679540
1.360561 1.042532
0.320715 0.981867
-0.364739 -0.073848
-2.500851 -2.831523
-3.712589 -3.559299
-1.722971 -1.737639
-0.013878 0.866583
-1.126733 -0.101873
-0.362736 -0.283095
0.207917 0.026726
-1.180423 -1.902895
-2.000129 -2.274063
-2.411302 -2.744321
-2.138722 -1.912215
1.087219 1.876710
-0.532534 -0.796872
-3.765770 -3.868027
-3.854725 -3.694178
-0.012144 0.067967
0.243568 1.146788
-0.492103 -0.588486
-1.582546 -0.817460
-3.290986 -4.641893
0.510889 0.701495
3.358958 4.605466
0.232337 0.701205
-1.330846 -1.091842
-3.611456 -3.875102
-2.117530 -1.413223
-2.066308 -1.767726
-1.106514 -0.152623
0.959151 0.116506
3.177761 2.073991
0.345163 1.028725
-3.439823 -2.682403
-3.960076 -3.569471
-2.250317 -0.976881
3.214204 2.714668
3.028496 1.776561
-1.029788 -1.542679
-2.722921 -2.477101
-3.284494 -1.095902
2.408393 1.421604
3.375521 1.160320
1.447874 1.304091
-3.012041 -0.532950
-1.780375 -0.500520
-0.735534 -0.831936
-0.606528 -1.353955
0.079371 0.426448
-2.073781 -1.621419
0.332878 0.268983
2.159057 0.813111
-1.343784 -0.288273
-2.598087 -0.500078
-0.549092 -0.010762
0.092764 -1.533605
2.434044 0.340503
-0.444487 -0.768832
-0.965340 -0.808740
-1.265937 0.231361
0.039759 0.116545
0.071105 -1.769684
0.091654 -1.642401
0.042851 -0.739758
0.593751 1.412071
1.142564 1.174229
-2.828080 -1.639108
-2.433972 -1.719100
-1.045917 -1.772348
0.972378 -0.861450
0.997679 1.168581
-0.636086 0.175944
-0.713676 -1.180428
0.720421 0.992226
0.409161 1.559986
-1.947366 -0.617479
-2.750677 -1.993079
-2.594735 -1.307848
-1.253975 0.044680
-0.227426 1.295873
-2.084575 -1.836174
-1.816203 -2.326329
-0.133911 -1.022309
0.036376 -1.716617
-2.067349 -2.446418
-1.066093 -0.325113
0.483577 1.349784
0.761786 0.909611
2.856193 0.467061
2.427059 -0.437137
-1.776135 -1.404537
-4.382913 -1.977499
-3.122371 -1.863825
-2.262436 -3.638865
1.774177 0.253540
1.411094 1.361209
0.627208 0.198100
-0.923571 -2.236453
-1.135835 -1.060026
1.445831 1.678043
-1.303704 -1.862311
-1.419953 0.007131
0.678267 0.580587
-0.165903 -0.521266
-0.220800 -2.514227
-0.914894 -1.595948
-1.101684 -0.204730
-1.538150 -0.899706
-2.408092 -0.823942
-0.137580 1.213943
1.732248 1.879473
1.370363 0.653388
0.512822 -0.479319
-1.832224 -0.911106
-0.235567 0.435539
1.042321 0.996058
0.599187 -0.910847
-3.300205 -3.818325
-3.662442 -4.847081
-2.209680 -1.826864
0.029245 1.265069
-0.312464 -0.038338
-2.809237 -2.576644
-1.634262 0.335469
2.142153 1.182249
2.084628 0.786049
-1.007431 -0.981703
-1.828680 -3.514063
-0.574479 -1.165345
-1.747343 -1.841826
-0.271590 -0.610053
1.295192 -0.057183
2.880877 3.379319
1.811823 0.646575
1.101528 1.352301
1.143551 1.599853
1.625774 2.744104
1.783292 0.670647
-1.056599 -2.148351
-1.532725 -0.739877
-1.380177 -0.308848
0.059461 2.047949
1.942189 1.985586
0.238175 -0.915898
-3.149209 -6.082703
-3.865107 -5.943558
-3.031636 -1.587481
-0.433149 2.246760
-1.153747 -1.780524
-1.170338 -3.610138
3.686806 3.563008
2.503022 2.299523
1.459345 0.828724
-4.266661 -2.632138
-5.365534 -2.772314
-0.999429 0.505621
2.908322 4.585234
2.497546 2.373292
-2.843151 -2.192031
-3.508171 -1.474585
-4.397414 -4.253487
0.691246 0.258349
3.215915 4.315621
0.169687 0.642827
0.077003 -0.320024
-0.476027 0.519769
-1.412385 -1.113537
-3.835125 -4.707633
1.242132 2.452189
2.801257 4.248042
0.490363 -0.261360
-1.295627 -1.513526
-1.294048 -0.190794
-0.881697 -0.152014
-1.313729 0.161557
-3.509482 -2.363283
-1.430804 -1.851420
-1.907386 -3.672220
1.637073 0.534932
-0.198002 -2.005453
-1.913585 -4.256310
1.353152 2.749825
0.834674 1.934751
-0.977215 -1.774474
-0.486389 -1.002970
-0.700252 0.556643
0.678153 1.866663
0.909139 2.195618
-0.465748 -0.666480
-1.984493 -3.211306
-0.424035 1.078996
3.347578 4.795836
0.798966 4.005430
-3.994264 -2.298161
-3.590646 -2.336327
2.308651 1.731646
-0.724079 -1.257684
-1.085929 -1.317829
-2.567957 -2.192807
-0.239744 -0.010874
1.375315 1.602978
2.553977 2.202272
-2.740818 -3.815680
-2.489305 -5.336531
0.337704 1.832068
1.337235 2.862673
-0.559149 -0.649984
-0.289401 -0.136174
0.028997 0.138673
-0.853447 -1.120565
-1.121842 0.361030
-0.695639 0.521256
0.203501 1.201761
-0.812446 -1.395922
-0.939894 -4.045694
-0.600782 -2.690007
-1.570624 -0.170026
-0.382147 1.034035
0.730443 1.063117
-0.507822 -1.942171
0.620000 0.220057
0.980234 1.811309
0.819898 1.136148
0.802762 1.206456
0.785139 2.145615
-0.690671 -0.054236
-1.487975 -2.227533
2.187140 2.250462
0.307761 1.812131
0.294365 0.178413
-3.805275 -4.433384
-3.974597 -4.659430
-1.683108 -2.715943
0.196870 -0.850824
2.617210 1.957590
0.499544 0.387582
-1.498986 -0.164509
-1.605388 -0.462444
-1.012866 -1.092437
1.343566 0.333398
1.366455 0.409434
0.193784 0.313784
-0.520889 -1.032857
-1.833378 -1.250973
0.793650 0.169870
0.483612 0.158565
-0.137980 -0.156177
0.119109 0.297294
2.252272 1.838930
-0.131188 -0.487288
-1.844546 -2.202172
-2.362225 -2.213944
0.825259 0.834917
0.660855 1.648450
-1.131010 -0.961969
-0.426450 -1.494168
0.955618 -0.418104
-2.013503 -1.203483
-1.878472 -1.779506
-0.370741 0.183330
-0.907994 -1.239444
-0.171562 0.720056
1.268011 2.142085
0.065414 -0.330411
-0.884337 -3.327997
-1.942637 -2.713476
-1.332872 0.089063
0.388545 1.068131
1.110474 1.097229
-0.475887 -0.861327
-0.439900 -0.739159
-2.265467 -1.262198
0.221624 -0.473631
1.046925 0.484422
-0.955598 -1.200909
-0.887325 -1.579691
-0.510651 -0.443148
-0.923206 -0.354072
-3.434174 -2.835637
-2.538763 -1.968647
0.278529 -0.152762
2.786534 2.942343
2.105161 1.962400
-2.394430 -1.859859
-3.352354 -2.204351
-1.066988 -1.166012
0.174978 0.771296
-0.729659 -0.104462
-1.025737 -0.168521
-0.873940 -0.883665
-0.892439 -2.043431
-2.345157 -2.541637
1.317230 1.216932
-0.306605 -0.578724
-2.221095 -2.741774
-0.571571 -0.049458
1.296807 0.500397
0.471487 0.036257
0.051478 0.568139
-0.375951 -0.302470
-1.327874 -1.123129
1.219788 0.670926
1.455487 1.786812
0.724261 -0.356450
-2.296420 -2.486304
-3.350620 -2.215405
-0.754147 0.670217
1.436060 0.374358
0.611426 -0.318769
-0.198680 -0.032634
-1.305993 -1.707320
-1.469474 -2.668396
1.433263 0.899789
0.387536 0.638824
-0.888337 0.103894
-0.986555 -0.501739
-0.341362 -1.087116
-0.110509 -0.793642
0.065857 0.122041
-0.708148 -1.034271
-0.995578 -0.650254
-1.830837 -1.016653
0.804151 0.285483
0.963161 1.102799
0.433273 0.015325
-1.048042 -0.907498
-0.906953 0.142141
-1.222130 -1.068910
-0.539518 -0.830326
-0.778201 -0.285489
-0.292540 -0.457011
-1.769896 -2.145708
-2.493068 -3.296067
-0.709144 -1.035051
1.077771 0.759575
2.068449 2.470640
-0.911849 -0.722949
-3.540494 -5.318593
-2.690949 -3.589259
1.573336 1.641282
1.522680 2.236540
-1.400300 -1.545483
-1.956550 -2.675356
-2.065205 -2.777232
-0.845707 -0.400066
-0.361603 -0.551282
-0.008403 0.032872
2.092299 2.170111
-0.036817 0.497493
-3.120621 -3.380032
-2.309925 -3.139117
0.170196 0.203933
0.354612 0.342717
0.994309 1.083622
-1.699974 -1.763740
1.804009 3.063296
2.569636 3.179140
-0.749593 -1.049676
0.564932 1.629131
1.478023 1.980688
3.758359 4.288866
2.501716 2.582394
1.701891 1.388547
-1.273078 -0.901109
-2.488082 -2.381152
-2.103477 -2.591839
0.149996 -0.372313
2.912315 2.710281
0.295109 0.526530
-0.923877 -0.414187
-2.501515 -2.944638
-2.298187 -2.663824
-1.586430 -2.385109
-1.919078 -1.499576
1.605235 2.442915
-0.347282 -1.053752
-4.321610 -6.009560
-2.603796 -3.201126
-0.160717 0.159872
-1.190151 -1.317926
-0.380852 1.004746
-0.773203 -0.422796
0.846970 0.000161
3.341159 3.035126
-0.405491 -0.197669
0.507323 0.600123
-0.000345 -0.446996
-0.096119 0.168701
0.708236 1.327731
1.612160 2.520766
1.102302 1.095497
3.164486 3.009719
3.042704 2.780653
-0.534854 0.025751
-3.895897 -3.348056
-2.347450 -2.966642
0.402828 0.908130
0.028895 -0.594990
-0.341641 -0.684481
1.706486 1.336926
-0.465325 0.341488
-2.723007 -3.145800
-2.777139 -2.564053
0.559115 0.362528
1.859063 2.031755
2.959302 2.796101
1.837990 1.565254
-0.863709 -1.770779
-4.441764 -4.311092
-3.147580 -4.026886
1.319362 1.730653
1.913084 1.449200
0.168544 0.174436
0.573446 0.009701
-0.647072 -0.274768
-2.879425 -2.134644
-0.015993 -0.565785
1.529243 2.126864
1.820020 2.160881
1.507739 1.784031
-0.818148 -0.594505
-1.965532 -1.799043
-0.674141 0.260167
1.015776 0.944290
-2.515398 -3.371224
-4.675486 -5.486812
-2.477238 -2.750112
-0.317974 -0.099178
1.986921 1.767350
0.083362 -0.009702
-1.249077 -2.215857
-1.381417 -1.193584
-1.793803 -1.372722
-0.323731 -0.122013
1.178869 1.916337
-0.873617 -0.597013
-1.000884 -1.885292
-0.929761 -1.915063
-1.894921 -1.921807
0.093538 -0.586277
-0.846333 -0.149644
-1.391308 -2.358929
-0.911671 -1.079618
0.059043 0.264377
-1.105013 -0.313422
-0.931031 -2.012262
-0.172423 -1.567539
-0.466533 -1.326757
-1.601445 -1.419433
-0.465071 -0.130777
0.670459 1.226323
-0.446557 -0.443573
-1.383926 -1.835640
-1.591774 -2.622633
0.316872 -0.176107
-1.351525 -1.168532
-1.008218 0.349502
-0.709936 0.475716
-0.903617 -0.421451
-1.354540 -1.094705
-2.125854 -2.017664
-2.090454 -2.154486
-0.464647 -0.759129
1.324275 1.174921
1.084258 0.930475
2.122636 2.405467
0.245530 -0.120125
-0.368567 -1.025183
-0.714171 -0.233704
0.977930 1.634040
0.329259 -0.001770
0.451900 0.072223
-0.539378 -1.299658
-2.114908 -2.504824
-2.138768 -2.095748
-0.686459 -2.016692
0.419021 0.418417
0.276655 -0.040036
0.371462 -0.536306
-0.368228 -1.113908
-0.943127 -1.108492
-0.938018 -0.481122
-0.090249 -0.655508
-0.548680 -0.767421
0.665937 0.340528
0.553845 1.559018
-0.195806 -0.851810
-2.089597 -2.187167
-2.562232 -2.447001
0.237841 0.571077
0.772808 0.670812
0.667632 0.336759
0.075395 -0.017890
-0.864606 -1.100379
-0.375673 0.226390
-0.852656 0.111369
-0.353945 -0.299498
-0.289490 -0.170408
-0.387361 -1.216679
-0.000955 -0.711473
-1.317784 -0.980006
-1.294691 -1.471768
-0.113094 0.483189
0.932869 0.628240
0.845083 1.619761
-0.569683 -0.549531
-0.673126 -0.750680
-1.056333 -0.345306
-1.069854 -1.076654
-0.533414 -0.919946
-0.907027 -0.248454
1.194597 1.087245
-0.704436 -0.568268
-1.664869 -1.045928
0.595442 0.475044
0.920670 0.993126
-0.613241 -1.300269
-2.345118 -2.419845
-1.604348 -2.094368
-0.501844 -0.642897
0.072798 0.665866
0.371430 1.820559
0.131355 0.170207
-1.654738 -2.098515
-0.928032 -1.702450
-0.552145 -0.278496
-0.020789 1.071928
-2.968587 -2.160776
-1.771512 -1.371861
2.439888 0.725693
2.000460 0.986097
-0.389500 0.611825
-4.187119 -1.810396
-3.356270 -1.463567
-0.796329 -0.624177
2.012912 0.575819
1.094430 0.444285
-0.178515 -0.874436
-2.390147 -1.740921
-1.078664 -0.725890
-2.238893 -1.433202
-2.938787 -1.281636
-1.382548 -1.443476
1.078367 -0.549385
0.161465 -1.180230
-3.551401 -1.577291
-0.297697 0.397193
1.022707 0.686501
1.061781 0.611659
-0.740242 -1.530615
-1.228922 -2.110064
0.279012 -0.598706
0.572120 0.251563
-0.423057 -0.350614
-0.654412 -0.841352
-1.667413 -1.518245
-1.446366 -0.517862
0.022889 -0.315573
1.947099 -0.680733
0.841450 -0.838060
-0.212782 -0.055326
-0.322904 0.390285
1.099520 0.205600
0.153261 -0.061726
-0.603410 -0.568510
-1.030326 -0.608193
-1.010692 -1.201910
-0.100169 0.022511
0.474678 0.564552
0.820389 0.199245
-0.169483 -0.268764
-1.416572 -1.512358
-2.775988 -1.582256
-2.084293 -0.938095
0.646830 0.112720
1.728207 1.376182
-0.536437 -0.648322
-0.645110 -0.484676
0.083758 -1.118091
1.411846 0.481207
0.524217 0.140953
-1.887831 -1.201168
-0.434785 -0.356178
0.931970 0.029892
3.043436 1.060229
2.725913 1.256205
1.983763 0.649605
-1.277187 -1.120480
-1.621571 -0.614796
0.542235 -0.770926
2.238503 -0.112822
0.945869 -0.393292
-1.440226 -1.189940
-2.857514 -1.134072
-1.607649 -0.209608
-0.064133 0.171193
0.895712 0.024204
3.254582 0.264369
-0.283200 -0.660460
-0.193897 -0.807364
-1.523273 -0.190746
-0.307151 -0.425049
-0.634901 -0.204431
2.244509 -0.645094
1.597959 -0.845798
-0.513568 -0.351162
-1.831104 -0.647666
-1.346725 -0.425209
2.313284 0.162134
2.646675 -0.252862
-0.398150 -1.531191
-2.630069 -1.013958
-1.656171 -0.048473
1.277690 0.760403
2.473671 1.057694
1.265871 -0.471637
-0.489678 -0.854855
-1.535723 -1.211971
0.078938 0.514254
1.733152 0.681756
-2.844375 -0.513890
-3.255065 -1.088208
0.048318 -0.949160
0.105441 -1.187821
-1.184701 -1.796400
-2.711357 -1.903943
-0.615445 0.138195
0.892986 0.524301
0.239007 0.456254
-0.352741 -1.072999
-2.789528 -1.858882
-3.682172 -2.702458
-2.527425 -2.221713
-1.038231 -1.062516
0.555326 0.343262
3.414501 2.218932
1.754903 0.821821
1.364912 0.853693
1.266357 0.802550
-0.705793 -0.093221
-1.038705 -0.758051
0.902166 -0.076013
-0.967272 -1.085580
-2.763818 -2.799638
-2.625591 -2.379902
0.345895 -0.106463
-0.374339 -0.571924
0.549057 -0.438830
-0.741243 0.342319
-1.776769 -0.606330
0.309413 0.320896
-0.145696 -0.043407
-2.413346 -1.479189
-3.222958 -2.696572
-2.935400 -2.058742
-2.715372 -2.026796
-1.088985 -1.452164
-0.921728 -0.395568
-0.310196 -0.110134
-0.565798 -1.145230
-0.538254 -0.559456
1.249472 0.688154
1.177454 -0.151985
-2.128273 -1.248584
-3.604974 -2.531953
-2.070387 -1.317523
0.671737 -0.376132
0.667574 0.537676
-1.110301 -1.287387
0.926386 0.206449
-0.681357 -0.712277
0.025833 -0.378280
-0.503728 -0.440136
-1.419598 -0.577245
0.224746 0.094004
0.171904 -0.118191
1.404919 0.210964
0.928924 0.216501
-0.674434 -0.478411
-2.139238 -1.101111
-0.116213 -0.829767
-0.902891 -1.279695
-3.192429 -1.815483
-0.057090 0.122453
3.033411 1.563946
1.803559 1.539695
1.837473 2.192170
-1.746017 -0.559719
-1.684021 -1.476079
0.805266 0.732598
1.502192 0.890053
1.483474 0.998457
-1.531746 -1.825233
-3.372930 -2.368496
-1.462601 -1.930720
0.500097 0.814012
1.479954 1.735784
-1.450731 -0.315079
-2.538625 -2.548822
-2.827235 -1.664937
-0.783780 -0.450327
1.289358 0.224011
0.877864 0.219340
-0.652831 -0.608645
-1.692031 -1.213839
0.817357 0.596039
-1.113061 -0.661349
-3.230067 -2.025151
-2.446811 -2.455415
-3.078523 -2.190411
-3.084107 -2.350786
-1.480733 -1.121429
-1.650080 -1.200219
-1.737369 -1.469332
2.709292 0.886156
0.257383 0.475180
-0.850661 -1.285651
-1.491718 -1.167114
-2.640495 -2.817688
-2.985991 -2.501929
-2.632776 -1.497656
0.252072 -0.296705
0.201313 0.318279
0.364970 -0.278242
-1.586039 -0.365616
-0.899754 -0.420332
0.310529 -0.296727
0.626064 0.643258
1.394329 0.821646
-0.482348 1.438008
-0.940678 -1.565489
-0.136291 -1.124068
-0.132549 -0.615670
-0.393385 -1.550064
-0.495618 -0.120769
-1.080803 -0.589562
-1.140545 -1.668612
-0.614586 -1.470731
0.047078 -1.227755
-0.443088 -1.879447
-0.057560 -1.182092
-0.857719 0.495303
-0.635886 0.485460
-1.226791 -1.288740
-0.185314 -0.543213
0.062961 -0.291875
-0.386500 -1.543383
-0.386315 0.632026
-0.039293 -0.109121
-1.009421 0.174673
-1.234107 -1.915591
-0.999229 -0.987298
-0.409329 -0.695750
-0.520350 -1.270207
-0.908383 -1.795555
-1.522918 -0.480320
-0.555132 0.712081
-0.413129 -0.876852
-0.460120 0.150722
-1.064330 -1.991635
-1.464642 -0.208495
-0.844737 0.660400
-0.970891 0.816950
-0.630887 -0.859782
-0.885069 0.551835
0.092400 1.150884
-0.127430 0.817718
-0.402248 0.996855
-0.601921 0.714302
-0.767600 0.312189
-0.233862 -1.645335
-0.608416 -0.657707
-1.453857 -0.744801
-0.583522 -0.220190
-0.837889 -0.315728
0.125593 -1.289730
-0.592427 -2.725618
-0.797532 -2.225666
-1.379359 -1.028461
-0.036477 0.454380
0.156619 1.491372
-0.146419 -0.159978
-0.738906 -1.668066
-0.792590 -1.692781
-0.475829 0.716168
-1.425803 -0.372752
0.419092 0.420910
-0.129624 -0.739340
-1.037768 -1.468925
-2.367912 -0.903443
-1.075082 0.990381
-0.315895 0.180386
0.281896 -0.070278
0.083094 0.414700
-0.736165 -1.507352
-1.571554 -3.542378
-0.547509 -2.787160
0.204658 -0.512130
0.097127 0.746403
0.172295 -0.068840
-0.525257 -0.969303
-0.093546 0.162665
0.132445 0.702664
-0.073329 0.853785
-0.286034 0.735690
-0.082442 -0.692644
-0.551929 -1.017800
-0.587176 0.528829
-0.210833 0.714985
-0.108133 -0.136215
0.193349 -2.417219
0.489755 -0.137288
-0.373699 0.995048
-0.133767 -0.188190
-0.131030 -0.534970
-0.498029 0.664328
-0.927015 -0.197881
-0.271719 1.033146
-0.619606 0.395736
-0.112955 -0.066423
-0.618356 -2.773170
-0.884301 -3.151421
-0.080462 -0.804238
-0.581547 0.390834
-1.399254 0.196772
-0.811403 -0.994356
-0.178204 -1.456903
-0.547970 -0.796728
-0.902655 0.651872
-1.259989 -0.318042
-1.037817 -0.740804
0.638194 -1.863042
-0.920041 -2.029017
-1.244069 0.484814
2.532711 3.249374
0.855068 1.022736
-4.881989 -3.850279
-4.048139 -2.666428
-0.625657 0.058334
0.443318 0.060321
3.284202 1.868363
2.936792 2.758686
-1.131821 -0.976994
-4.766498 -3.683447
-2.825048 -1.968100
-1.370292 -0.756061
0.405653 -0.342944
-0.543521 0.078422
1.259274 1.384442
0.338546 -1.355819
-0.899417 -1.380391
1.110165 -0.101057
1.689322 2.340986
-0.098863 1.254113
1.176867 1.224118
0.067394 -0.799033
-3.501630 -2.642875
-2.754969 -2.867580
-1.382856 -1.729071
1.696017 1.179040
1.875978 1.807746
-0.474774 -1.095716
-2.095085 -2.995005
-1.572711 -1.214575
1.136902 1.575767
0.104454 -0.115039
0.999392 0.141132
0.522027 0.769159
-0.086445 -0.389868
0.772675 0.878218
-0.834305 -0.353531
-0.569552 0.286711
1.224242 -0.030599
0.215321 -0.164477
0.317122 0.172567
-1.464047 -1.449965
-0.779277 -1.999093
-1.139157 -0.264693
0.489944 0.968734
-1.690778 0.518365
-3.227693 -2.394683
-1.975624 -1.110346
0.885054 0.499483
2.027859 0.841947
-1.266974 -1.960513
-2.516963 -0.820050
-1.297620 -0.138014
1.107688 0.261092
0.955443 0.115807
-1.358636 -0.263013
-0.124521 0.042700
-0.943129 -0.319046
1.212337 -0.238292
1.002893 -0.905140
-0.427868 -0.771139
-0.301994 -0.242336
0.185823 0.269451
-0.948023 -1.011072
-3.341414 -2.075030
-1.824335 -0.940796
1.673284 1.623445
0.839676 -0.001743
-1.329936 -1.531150
-0.283238 -0.121816
-1.275900 -0.817655
-0.820876 -1.455845
0.109021 -0.713915
0.463687 1.166104
0.376389 0.414822
-0.881125 -1.459247
1.602836 0.514614
1.909302 1.541316
1.168173 0.893281
-2.230293 -1.996584
-0.905562 -1.540594
-1.551206 -2.384295
-0.983089 -1.420800
-2.008343 -1.848722
-2.422597 -0.216772
-0.227116 0.770221
1.123354 0.617102
0.512210 -0.010865
-0.643563 -0.555035
-0.449389 -1.493423
-2.273333 -1.670713
-1.438456 -0.221464
-0.760985 -0.360496
-1.274882 -1.384655
0.661010 0.493449
-0.144847 0.054674
-1.497892 -1.278098
0.178284 0.216390
0.351531 0.173495
-0.786444 -0.579949
0.065398 -0.007394
0.521228 1.992454
-0.850548 -0.738524
-0.827181 -0.835781
-1.500550 -1.626023
-1.331086 -1.808072
-0.730798 -1.475277
-0.964953 -1.855860
-1.924090 -2.518961
-1.320137 -1.698069
-2.088069 -2.524957
-2.694157 -3.149634
0.104317 0.670748
0.012540 0.883106
-0.416115 -1.196386
-0.998044 -2.760234
-1.202881 -1.509314
-0.143482 0.585190
0.081260 0.523127
-0.569425 -0.120115
-0.821473 -0.581314
-0.358386 -0.245383
0.300400 1.686076
0.509740 0.455496
-0.900136 -1.139247
-1.928637 -2.399119
-0.624063 -1.594247
-0.570234 -0.322039
-0.457232 -0.046692
-1.059712 -0.874410
-0.615138 -1.046655
-0.014769 0.372736
1.128251 1.660962
0.950918 2.141384
-0.036656 0.176578
-1.728024 -1.660911
-1.160570 -0.721586
-1.152589 -0.623173
-0.419444 -0.896170
-1.100534 -0.779883
-0.616879 -0.735307
1.260942 2.147691
1.201930 0.900334
-0.856385 -1.545714
-0.618745 -0.357910
0.460712 1.699578
-0.184530 0.446516
-2.928313 -3.237152
-2.529049 -3.643917
-0.152379 0.051443
0.927024 2.317718
0.162461 0.628659
-1.742091 -2.471466
-2.037645 -2.753454
-1.785220 -1.646692
0.568149 0.326233
-0.947404 -1.300419
0.104294 -0.164515
-1.610551 -1.847630
-1.627734 -2.518134
-0.742856 -1.780314
-1.824418 -1.975494
-1.050930 -1.895223
-0.830813 -0.320824
-0.419237 -0.702683
-0.450811 -0.429002
1.836329 2.703830
-0.665996 0.069556
-0.457822 -0.988824
-1.962831 -2.077001
-0.200007 0.254529
0.584493 0.778832
0.215220 -0.361868
-2.006460 -4.320074
-1.411853 -2.040070
-0.650900 -0.033576
-0.477388 -0.128543
0.872921 1.094566
-0.178278 -0.652073
0.714231 0.138525
-0.443669 0.028171
0.392548 0.968540
-2.636745 -3.547665
-2.021268 -2.961489
0.711608 1.184780
0.074886 0.992230
-0.026511 -1.341222
0.446166 0.812387
1.340430 2.998475
0.829878 2.341667
-1.411071 -1.448788
-1.391941 -2.089716
-0.290419 -1.103178
-0.898240 -1.245537
-2.429403 -1.891475
-1.325396 -3.042105
-0.559436 -0.761111
1.037356 2.296286
-0.283808 -0.212837
-0.030843 1.254834
1.326145 3.178504
-0.497675 -0.404813
-1.206717 -2.869413
-1.332860 -0.660426
0.363490 2.377405
1.844237 3.468273
-0.653922 -1.136619
-2.566612 -5.279698
-1.861680 -4.227705
-0.683035 0.662731
2.093088 3.893374
-1.303712 -2.113473
0.003468 0.560991
0.487228 1.561044
-1.356625 -1.531709
-1.184638 -1.300729
-0.398376 -0.792082
-1.074980 -2.594104
-0.650634 -0.620010
0.372761 1.657424
2.151498 5.744641
0.628417 1.499795
-1.801127 -3.642875
-2.388992 -3.565942
-0.311310 0.102070
1.285963 2.231907
0.875982 2.211764
-0.644513 -0.058144
-0.379029 -0.674440
0.284375 0.323881
-1.444967 -1.342561
-3.296628 -4.995446
-0.842862 -0.353587
1.096111 1.314698
-0.669219 -0.447793
-1.083002 -0.734613
-0.538140 -1.202828
-1.278933 -1.450975
0.941867 2.212373
1.736334 3.972749
-0.160423 0.619252
-1.836606 -2.910410
-1.276426 -3.304832
-2.566245 -3.952290
-0.048130 -1.007711
-0.562793 -0.401122
-1.568161 -0.913132
-1.420345 -2.886410
-0.623526 -0.621388
-0.508576 -0.351719
-0.990779 -0.812304
-1.185331 -2.495337
-0.702863 -0.577280
-0.565149 -0.169792
-0.065375 0.027553
-0.434158 -0.564928
0.396918 1.103674
-0.940301 -1.398841
-2.037828 -3.885036
0.185774 0.540862
-0.707957 -0.086844
-1.533584 -1.932266
-1.246202 -2.534178
-0.840173 -1.189171
0.055899 0.004258
1.003120 2.065461
0.457001 2.793029
-0.430039 -1.848453
-1.425304 -3.124863
-1.677286 -2.844994
0.306070 1.734259
-1.931669 -2.960143
-1.444745 -1.999187
0.414849 1.265575
-0.983922 -1.033991
-2.488397 -4.484352
-1.269993 -1.484752
0.442115 1.933830
0.888302 2.538862
-1.900447 -2.441784
-1.841297 -3.683218
-0.893242 -2.195287
-0.083869 0.357509
0.300794 1.074429
0.033184 -0.446432
-0.329090 0.675241
-0.118784 0.524370
0.298716 2.094841
1.185449 2.875867
-0.843447 0.104251
-0.877724 -1.366217
-1.823878 -2.177351
-0.218615 -0.246672
0.866147 1.674616
0.805656 2.120964
-0.318587 -1.082372
-3.535997 -2.463003
-1.319348 -1.537022
1.544269 0.851841
2.538240 1.702179
0.269119 0.570780
-2.384632 -2.522735
-3.232836 -2.633745
-1.151527 -1.288832
1.517885 0.583540
2.063482 1.543593
-0.774421 -0.452870
-1.778206 -1.204888
-0.410577 -0.686956
-2.727082 -2.131661
-4.609727 -3.872996
-2.609392 -2.117435
3.390751 1.969117
5.187032 4.088471
2.577165 0.986426
-3.628251 -2.951639
-5.168599 -3.519470
-1.500294 -0.613588
-2.706671 -1.158560
-2.687205 -1.322257
-1.241804 -0.617879
1.322882 0.968443
-1.831110 -2.368624
-5.608592 -5.108011
-3.951198 -3.472754
0.229716 0.214616
0.615984 -0.149130
0.375964 0.165365
0.164943 -0.712059
-1.221451 -1.386385
-0.508535 -0.388073
1.882377 1.679129
-1.328984 -1.023580
-3.148254 -2.259274
-3.505865 -3.295708
-1.281975 -0.698762
2.845045 1.610428
4.176787 3.557269
0.976551 0.506039
-2.575266 -1.856033
-1.338738 -1.178100
-0.813780 -0.649006
-1.906121 -2.230558
-2.194141 -1.703785
0.398805 -0.171613
2.169522 2.099977
1.458729 0.908156
2.152606 1.253988
-1.712612 -1.167310
-3.588460 -2.640631
-3.328821 -2.419306
-1.985483 -1.727186
0.690502 0.564201
2.675166 1.409472
0.254171 0.182878
-2.209536 -1.098447
-1.085381 -1.610065
1.210323 0.207421
0.652889 -0.187427
-2.326346 -1.855061
-0.859430 -1.453101
0.169009 -0.392782
0.350502 -0.333623
0.415133 0.161481
-0.661743 -0.529186
0.804494 0.922909
2.480601 2.356271
0.375389 0.260119
-0.856133 -0.781250
-4.621892 -2.847564
-3.660606 -3.303797
-0.605261 -0.450384
0.392524 -0.222372
0.406262 -0.054254
0.714104 -0.027905
1.125115 1.099395
-0.484174 -0.233030
-2.021468 -1.583711
-1.451560 -1.940080
-2.178467 -1.297272
-2.402406 -2.058946
1.142366 0.647467
1.996506 1.268206
-0.426999 -0.619768
-3.341529 -2.608599
-0.431372 -0.375946
-0.479845 -0.496193
1.028256 0.854339
0.847591 0.440716
-1.468969 -1.193492
-2.037108 -2.105415
-4.230197 -3.464744
-2.791429 -2.219054
0.603427 0.376859
1.398200 1.134119
-2.634560 -0.402136
-1.228907 -0.461698
-3.039767 -1.831037
-2.194170 -1.154044
0.355585 -0.225519
0.426952 0.020651
0.304525 -0.006641
-0.509232 -0.840925
0.490715 0.188050
0.782168 -0.297926
-3.191212 -0.782788
-1.611068 -0.352225
-0.010442 -0.516536
-0.430983 -0.525353
-1.761305 -0.635369
-0.407137 -0.392406
-1.014471 -0.502170
-0.344282 -0.103900
-1.752715 -0.592656
-0.794574 -0.205969
-1.096900 -0.693479
0.428527 -0.307765
-2.703995 -1.418000
-0.062341 0.261617
-2.057215 -1.263608
-0.666217 -1.151178
0.364542 -0.160255
0.092648 -0.413619
-1.084313 -0.067818
-3.834325 -1.675190
-2.563888 -1.396434
-1.450729 -0.899771
-2.067633 -0.888020
1.518226 0.174504
1.028504 -0.376976
-0.310325 -0.395022
-2.892794 -1.630173
-2.691701 -0.794871
1.838553 0.561499
4.669742 1.352554
1.720497 0.208222
-2.981456 -1.175623
-2.009205 -1.241975
3.344947 1.106406
-0.903085 -0.450415
-2.616181 -0.985665
-1.427778 -0.660335
-3.551205 -1.616156
-0.900552 -0.738538
0.768183 -0.354744
1.784349 0.181908
-0.132133 -0.304267
-1.660017 -0.563746
1.348428 -0.233486
2.862682 0.167258
0.190239 -0.373282
-3.629035 -1.147028
-4.146757 -1.625163
-1.475005 -0.746344
0.485197 -0.647922
2.634673 0.930471
1.338931 0.102960
-4.283596 -1.740722
-5.341864 -2.060435
-3.740856 -1.732277
0.614284 -0.133655
0.147328 -0.258722
0.756431 -0.029150
2.389417 1.063055
2.039024 -0.303863
-1.008420 -0.377816
-1.112556 -1.216244
-1.543643 -0.717084
1.520794 -0.319881
1.164966 -0.210237
0.390861 -0.690172
-0.637765 -1.297988
-0.630734 -0.770768
1.908933 -0.501569
1.182076 -0.302158
1.475025 -0.219418
-2.098622 -1.191691
-0.267981 -0.263384
1.294153 -0.030209
2.973368 0.223811
-0.618181 -0.931221
-3.842627 -1.698747
-3.560797 -1.939188
-1.859198 -1.226596
-0.287909 -0.336691
0.600170 0.198190
-0.229129 -0.410396
-3.798221 -1.268876
-1.806478 -0.543549
-1.168813 -1.048854
0.820916 -0.018454
1.380533 0.067035
0.395237 0.045019
-0.387225 -0.488753
-1.113884 -0.865084
-0.859639 0.191646
-1.483397 -0.106928
-1.400263 -0.521278
-0.030073 0.134634
0.160035 -0.604183
1.111164 -0.754338
-2.950800 -0.314489
-1.184598 -0.363962
0.014956 -0.124003
0.731315 0.692657
-0.738041 -0.272196
1.638294 -0.954545
2.379252 0.204161
-0.242390 -0.850420
-3.322989 -0.239260
-4.370331 -0.819480
-2.949709 -0.583346
-0.516754 0.245752
1.301827 -0.555100
2.334984 0.202011
-1.072095 -1.221279
-4.355726 -2.009583
-2.987549 -1.532105
-5.053487 -1.263763
-2.780574 -0.224585
1.157721 -0.081965
1.949652 0.380852
-2.129900 0.371555
-2.077005 -0.702018
-0.838847 -0.616560
-0.690534 -0.325479
2.566547 0.268863
2.404046 -0.914251
-0.317814 -0.772717
-0.974266 0.135759
-0.855531 -1.318802
-0.172935 -0.541598
-0.100500 -0.208869
0.169483 0.299022
-0.882771 -0.731880
-1.624726 -2.053444
2.346388 -0.811277
3.214085 0.639973
1.746868 0.409106
-1.842343 -1.059009
-1.734766 -1.046151
-0.810648 -0.880785
-1.897474 -1.318909
2.058178 -0.257417
2.207688 1.758565
-1.446636 0.354506
-0.781134 -0.741364
-0.427124 -1.182879
1.303306 -0.870984
-3.144296 -0.944121
-7.339028 -0.604016
-3.518973 -0.201323
-0.103823 -0.468024
4.941063 -0.042953
1.152210 -1.074311
-3.831933 -0.545878
-3.708737 -1.189155
-2.224183 -0.834441
0.079351 -0.537461
-2.720036 -0.826257
-0.590841 0.181438
2.766552 -0.018256
0.410265 -0.918111
-2.873025 -1.108452
-2.287309 -1.073662
-3.483670 -1.544558
-2.473503 -1.193887
1.978189 -0.188157
1.966546 1.075242
1.425204 0.830771
-0.998663 -0.829673
-1.096134 -1.088434
-2.311549 -0.551951
-0.770022 -0.823546
-1.340980 -0.160076
-0.226897 -0.613827
-2.853742 0.002707
-5.243138 -1.526610
-2.868224 -1.482111
1.505925 -0.077924
2.974177 -0.027726
-1.953862 -0.877767
-3.929994 -0.257231
0.040802 -0.253118
3.680646 -0.123171
0.266126 0.196463
-5.100796 -1.353746
-5.492448 -1.540283
-2.983961 -0.591927
-3.246921 0.267194
0.916114 0.681036
2.363966 0.263440
-3.173707 -1.035926
-5.129195 -1.610138
0.127742 -0.280255
2.132699 0.833138
0.981264 0.230561
-2.351431 -1.617788
-4.365116 -1.192236
-0.530529 -0.363156
2.527083 1.172892
2.334308 0.763363
-0.174901 -0.167848
-1.500870 -0.766594
-5.698418 -0.935722
-1.681199 -0.839092
2.054722 -0.612597
0.145899 -0.573340
-1.555044 -1.133585
0.255850 -0.594860
1.576145 0.740096
-0.973922 -0.514336
-1.207050 -0.587143
1.460952 -0.383171
2.589941 -0.334261
2.524946 0.365720
-3.723529 -1.006570
-5.192149 -1.072348
-0.916923 -0.089435
1.059630 -1.936592
-0.771286 -2.438274
-3.262007 -0.461398
-1.516630 0.120717
4.571583 1.201052
2.905134 0.694615
0.866854 -0.727527
-0.838466 0.052872
-1.041214 -1.277300
-1.995135 -1.741465
-3.884963 -1.916049
-1.086781 -0.626241
1.169051 0.127412
3.005953 0.319656
1.396560 -0.153144
0.433135 -0.165727
-2.121157 0.556616
-4.928841 -0.817391
-1.344706 -0.186044
-0.707570 -0.882433
0.968071 -0.685105
-0.993430 -0.448773
-1.130316 0.541102
0.171130 -0.105242
0.997318 -0.629630
-0.338863 -1.285917
-1.741667 -1.705345
-0.595877 -0.506383
1.178720 0.239564
0.427171 -1.096986
2.013713 -0.839572
1.681609 -0.173279
-0.937512 -0.595463
-3.195661 -2.146381
0.867271 0.193807
0.185502 -0.340231
-0.533725 -0.208751
-2.329143 -1.163029
0.424534 -0.086329
1.708698 0.547935
0.568981 0.584309
-3.100730 -0.233002
-1.598368 -0.211650
-0.323301 -0.618942
0.300169 -0.590858
0.388386 -0.381333
1.740231 0.608623
1.119058 0.024346
-3.184495 -1.709902
-5.433187 -2.621210
-4.332089 -1.010780
0.223618 -0.000896
3.615516 1.283943
4.143154 0.932603
-1.071767 -0.532959
-5.311754 -0.798244
-1.962108 0.086043
3.092135 -0.012897
2.746881 -1.632718
2.631083 -0.570617
-0.804355 -0.461582
-1.108162 -0.533720
1.466388 0.303042
0.470528 -0.712403
2.275648 -0.727440
1.950415 0.792708
-2.036364 -0.101177
-4.691147 -0.957957
-2.889906 -2.693927
-0.426012 -1.965718
-1.301065 -1.641820
-0.593565 -0.531271
0.026048 0.887551
1.559509 0.551844
-3.632077 -1.349127
-6.238586 -2.415011
-1.013324 -1.080642
-0.502098 0.665959
-0.922126 -0.262266
-0.326728 -0.425153
-0.137619 -0.811866
-0.406827 -0.439650
-0.497457 0.142837
-0.168206 0.484839
-0.078504 -0.917259
0.174583 0.329639
0.122656 0.060096
-0.488034 -0.272014
-0.190780 0.349589
-0.127103 -0.222810
-0.148599 -1.652883
-0.938373 -2.324477
-0.310640 -1.906993
-0.244402 -0.591782
-0.576269 -0.617831
-0.344948 0.116431
-0.857865 -2.026878
-0.715345 -0.916241
-0.816725 -0.642264
-0.263524 -0.533816
-1.161292 -1.558917
-1.057497 -2.370925
-0.946602 -0.733343
-0.307706 -0.214172
-0.198491 1.762031
-0.522522 -0.284215
0.063854 0.121843
-0.856135 -1.595350
-0.717316 -1.249498
-0.588812 -0.062801
-0.325033 2.169684
-0.346366 0.104537
-0.800987 -2.699032
-0.710937 -3.814429
-0.651682 -0.060369
-0.490058 0.039854
-0.480517 -1.517124
-0.644231 -1.252967
-1.079203 -1.095441
0.052307 -0.504518
-0.789850 0.002352
-0.727512 0.084488
-0.340819 -0.089114
-0.986535 -0.622945
-0.150034 0.309711
-0.027588 0.361962
0.174219 1.136311
-0.472169 -0.356399
-0.281330 -1.182556
-0.019622 -0.086928
-0.382163 -0.100889
-1.177283 -1.433605
-0.777118 -0.501662
-0.497518 0.272200
-0.678944 -1.034511
-0.705557 -1.556762
-0.995698 -1.605726
-0.504321 -1.144732
-0.598888 0.326254
-0.459513 1.132041
-0.302498 0.142108
-0.136214 -1.339837
-0.627567 -2.438455
-0.908815 -2.038355
-0.214540 0.664193
0.069347 0.759849
-0.819426 -0.547014
-0.367284 -0.605616
-1.156424 -0.688147
-0.954286 -0.872836
-0.319957 -1.588720
-1.187206 -1.530502
-0.289659 -1.951142
-0.697913 0.051999
-0.772525 -0.420934
-0.442952 0.574770
-0.010118 1.132707
-0.661632 -0.294729
-0.270087 -0.488038
-0.682725 -1.147720
-0.877611 -0.722963
-0.389236 0.183707
-0.749618 0.305250
-0.914561 -0.494793
-0.641263 -2.530959
-0.318870 -0.929108
-0.193109 -0.117076
-0.860088 0.294519
0.080409 -0.327481
-0.541226 -0.068388
0.051086 0.769633
0.273364 -0.463603
-0.536950 -2.429786
-0.385719 -1.548472
0.165452 0.605744
-0.345593 1.923541
0.968022 0.929192
-0.773394 -0.081917
-0.741336 -0.555867
0.193646 0.745549
-0.430960 -0.176157
-0.581969 -0.415644
-1.245516 -2.742411
-1.436172 -1.810530
-0.154658 0.483152
0.565143 1.583695
0.452994 1.445353
0.598114 1.370228
1.670962 2.245669
1.375242 2.418000
-1.391246 -2.587571
-3.898203 -4.755060
-0.690006 -0.367544
1.865145 3.254246
0.701397 0.721695
0.221467 0.344952
0.387323 -0.176905
-0.354249 -0.154825
-2.187400 -1.411654
-2.355344 -2.756180
-1.663712 -1.819232
1.240239 1.973961
0.552285 1.630698
-0.922134 0.200551
-1.999038 -2.798381
0.034516 0.121168
-0.054207 -0.406865
-1.380181 -2.073577
-2.081700 -2.794695
-1.061908 -0.710171
-0.147286 0.611459
0.273436 0.285356
-0.335019 -0.018573
0.268128 0.673788
-0.688539 -1.287272
0.211613 -0.068851
0.620677 0.740824
-0.251541 -0.102100
-0.191887 0.249778
-0.105364 0.382001
-0.107588 0.609114
-0.667195 -1.434668
-1.705279 -3.492353
-3.095469 -4.360390
-1.017929 -0.567104
-0.279512 2.004126
0.301899 0.608699
1.070322 1.836655
-0.650056 -2.124947
-1.159596 -2.285041
-2.733227 -3.286965
-2.405895 -2.887290
-0.733381 -2.676187
-0.265391 -0.160213
0.740142 1.885107
-0.023976 1.516569
-0.063424 0.278774
-0.576692 -0.137915
-1.132382 -1.725436
-1.378872 -3.463848
-1.747851 -1.711133
-0.696157 -0.759820
-1.195904 -0.469500
-0.843484 -1.199650
0.075335 0.166088
0.541096 1.702099
0.369360 0.344325
-0.471241 -0.906745
-1.142742 -1.492299
0.460377 0.167108
-0.437324 -1.863755
-0.470081 -0.859090
0.525157 1.842651
0.454751 1.881486
0.181435 1.339299
-0.755196 -0.839791
-1.083553 -0.805341
-1.761507 -2.985166
-0.147144 -0.683582
0.228354 0.965944
-0.886929 -0.556117
1.507644 2.758674
0.590018 1.927043
-0.985270 -0.831555
-0.311666 0.953548
0.659660 0.530745
0.519077 0.520109
-1.843215 -1.982174
-3.550471 -4.233568
-1.097047 -1.101728
1.752576 3.012373
0.967638 1.462976
-1.153699 -1.499486
-1.673843 -1.861947
-1.395010 -0.347766
-0.066771 1.014944
-0.198799 1.061951
-0.792973 -0.758719
-1.236010 -1.326193
-0.813546 -1.417112
-1.239933 -0.891896
-0.671292 -0.754007
-0.848160 -1.888174
0.434455 0.154334
-0.750423 -1.111771
-0.770133 -0.439014
-0.153251 -0.268160
0.416603 0.523633
-0.570829 -0.963094
-0.017780 0.070205
-0.066149 1.207086
0.215359 0.815572
-1.717835 -2.355612
-0.765823 -0.780859
-1.620129 -0.937668
-2.051353 -1.951430
-1.273749 -1.599206
-1.479019 -2.019529
-1.211656 -2.115309
-1.455418 -2.262362
0.740458 1.392636
1.377629 2.761947
0.269824 0.369518
-2.728366 -3.874484
-0.833615 -1.295754
0.369031 0.349938
0.245224 1.392906
-1.390474 -1.633902
0.400262 1.015624
0.206147 0.232839
-0.854675 -0.892805
-1.950261 -2.565687
-1.869047 -2.015646
-0.932153 -0.864976
-0.181328 -0.693043
0.568465 0.117386
-0.734663 -0.295834
0.790762 1.071822
0.704091 1.360121
-0.382493 -0.026202
-0.675317 -0.413030
-1.058728 -1.078794
0.313990 0.181152
0.431503 1.621466
-1.057712 -0.455599
-2.489910 -2.884538
-1.834674 -2.289731
-0.864339 -0.651817
0.414035 1.083989
0.800183 1.067275
-0.661771 -0.439991
-0.737151 -0.940786
-0.002684 0.568598
1.168705 2.872526
0.919907 1.765425
-0.847737 -1.631826
-1.602900 -1.435726
-0.263643 0.263047
0.149989 1.291151
-1.138590 -1.602349
-0.428980 -0.623176
-1.469193 -2.701244
-1.629534 -2.981028
-1.116498 -1.231232
-0.230197 -0.062838
1.485727 3.201283
1.081327 1.458899
-1.126979 -1.381073
-1.605789 -2.256601
-1.170177 -1.621504
-0.469241 -0.169911
-1.377591 -1.535874
-1.875872 -1.754502
-1.345544 -1.671666
-0.667748 -0.880136
1.721770 2.866699
-0.843016 -0.645918
-1.367376 -1.494847
-1.067887 -0.961354
-1.040533 -1.684292
-1.702218 -2.083098
0.230965 -0.035849
-0.397537 0.287402
-0.821239 0.229388
0.569815 0.411434
-0.723595 0.040297
0.792620 1.351683
0.499709 0.088789
-1.074474 -1.169808
-1.620092 -1.931191
0.378063 0.689790
0.440526 1.593761
-1.237813 -2.202411
-0.448227 0.028901
-0.657360 -0.541415
0.215099 1.406554
-2.678774 -2.101164
-5.331585 -3.975840
-2.972784 -2.248691
1.646501 2.344910
4.204065 3.765104
2.219367 2.288158
0.371372 0.256591
-3.298050 -1.950059
1.565973 1.285406
1.757323 1.263503
0.032649 -0.521889
-2.543720 -3.206817
-1.405117 -0.597992
-3.649970 -2.525895
-2.643794 -2.347186
1.339766 0.604580
2.999422 1.493429
-0.327663 0.018058
-2.406085 -1.180676
-3.165620 -2.147552
-2.936014 -2.256702
-2.304963 -2.811422
0.332008 -0.996197
0.444108 0.275094
-0.463186 0.240313
-3.403284 -2.596685
-1.426002 -1.554027
1.678974 1.276728
-0.382861 0.423886
-1.273129 -0.030088
0.137887 0.583807
3.157895 2.543390
1.569526 0.954060
-1.936005 -2.603901
-4.907447 -4.553519
-3.144963 -2.994785
0.237157 0.360251
0.557919 0.530727
-2.598470 -2.579727
-1.706469 -2.641126
-1.073328 -0.551143
-0.308112 -0.127021
1.109133 0.854164
4.663255 4.515782
2.255655 2.414582
-1.050168 -1.002803
-1.411514 -1.333130
0.437224 0.116176
-2.248400 -1.296678
-1.701590 -1.776982
-1.350074 -1.004223
-0.071502 -0.264105
0.833789 1.262064
-0.966604 -0.622889
-1.884526 -2.077601
-0.500694 -1.711482
0.712045 0.129623
1.557330 0.655178
-0.348576 -0.043411
0.252357 0.014679
1.062448 0.986578
0.080379 0.925499
-1.351172 -0.805296
-2.469292 -2.217038
-1.831832 -1.669264
-0.128241 -0.038376
0.187708 0.478237
0.326803 0.435081
0.855217 0.440938
-0.016516 -0.463980
1.987101 0.719319
-0.649033 -1.214518
-0.256322 0.474960
0.584049 0.311496
0.075577 -0.941323
-2.560879 -2.004382
-0.475189 -0.461392
1.372915 0.598501
0.172063 0.062585
-3.084765 -2.532550
-0.987664 -1.151328
0.067229 0.347487
-0.608821 -0.809030
0.827535 0.445488
-0.018572 -0.839807
-0.280195 -0.129342
1.221103 0.202617
0.831558 1.027139
-2.874073 -3.264708
-2.449743 -2.089914
-1.787038 -1.339502
-0.010056 -0.120325
-1.193145 -0.692794
-4.496291 -3.294013
-1.157481 -2.154603
2.019113 1.440618
1.335505 1.230876
1.098342 0.890921
1.312080 1.141640
-3.231314 -3.301286
-0.961976 -0.610227
-0.259397 -0.143864
0.757846 1.218426
-0.519185 -0.760279
-2.048490 -1.837326
-1.416586 -1.511709
0.363062 0.416247
0.450694 1.040971
1.461185 1.751169
0.412468 0.902765
-1.527330 -1.745365
-0.363607 -1.078786
-0.260660 0.664388
-0.713218 -1.441544
-1.041360 -2.079228
-1.790902 -2.993100
-0.778543 -1.458321
0.540994 1.080723
-0.036793 -0.110755
-0.455671 -0.388875
-0.476479 -0.384697
-1.633204 -1.085225
-0.629763 0.336997
0.348037 0.207466
-0.037598 -0.305679
-0.369427 -0.597101
-0.596832 -0.813410
-1.353330 -2.213652
-0.088494 0.072506
1.049294 1.610762
-0.107255 0.784756
-1.127534 -0.303552
-1.404593 -1.055376
-0.849612 -1.716449
0.593680 0.419609
1.093685 1.906970
-0.868633 0.753860
-0.989471 -1.973912
-0.496744 -0.480793
1.241014 2.063359
-0.092619 1.356578
-1.606182 -1.187770
-2.309184 -3.761067
-1.253560 -0.953516
0.742280 1.190087
0.360162 0.255535
-0.393413 -0.590782
-0.344296 -0.138617
0.609595 1.541806
0.889225 1.480570
-1.086938 -1.759617
-1.393204 -1.064367
-0.748511 -0.062091
-1.506887 -1.850862
-0.352535 -0.358267
0.812667 1.161237
-1.125244 -1.525732
-0.666602 -0.871544
-1.600070 -1.125190
-1.156505 -0.761087
-0.515096 -0.441761
-0.604491 -0.598762
0.072539 0.355111
-1.125880 -1.056296
-0.875296 -2.233901
-1.353809 -1.382706
-0.677356 -0.561601
-0.555419 -1.089715
-1.648245 -2.703817
-1.825483 -2.684854
-0.721715 -1.163509
0.000313 0.421003
0.423702 1.712742
-0.317208 0.039987
-1.447477 -1.530405
-0.145746 -0.637696
0.700370 1.008474
-1.055658 -1.164279
-1.815837 -3.264842
-2.794904 -3.040760
-0.259166 0.639886
0.514955 1.438716
-0.459668 -0.964150
-1.705077 -2.873442
-0.732202 -1.126019
0.167495 0.868833
-0.189910 -0.292009
-1.497592 -2.076337
-1.732392 -2.369792
-1.114442 -1.495127
-0.164786 -0.605295
-0.576946 -0.581849
-0.607601 0.196916
-1.024065 -1.574186
-1.157145 -1.406972
0.899887 1.385533
0.228775 0.710927
-1.078959 -1.899911
-2.018643 -2.257289
-2.223486 -2.932477
1.058891 0.509772
1.151977 2.230988
-1.237301 -1.822057
-0.962613 -1.526499
-0.727620 -1.512737
0.149147 -0.283343
0.268566 0.810173
0.844396 0.958728
-1.357881 -1.361779
-1.730044 -1.868869
-0.356785 -0.633036
-1.644109 -0.924131
-0.652705 -0.507636
1.112000 2.010310
0.709659 1.483521
-0.691308 -1.108224
-1.355714 -1.185913
-2.117298 -2.567803
-0.119164 -0.200047
-0.133884 -0.821264
-1.448397 -2.287547
-0.001388 0.812347
-0.692942 -1.246738
-0.036373 -0.338529
-0.711503 -0.782783
-1.147465 -0.720425
0.139443 0.652754
2.866350 3.273416
-0.338336 -0.339692
-2.409579 -3.123467
-2.019751 -2.194451
-2.507428 -2.787943
-1.765021 -1.821230
0.417605 0.832532
0.442946 0.674392
0.844911 1.759970
0.676542 1.709752
-1.973057 -2.131726
-2.524726 -3.926900
-1.424513 -2.060033
0.084103 0.006962
1.034574 1.195260
0.694297 0.640588
-0.526423 -0.124331
-1.884332 -2.832179
-1.224118 -1.672569
-0.546985 -0.790376
-1.751382 -2.687734
-1.286999 -1.080060
-2.138428 -2.357322
-2.506905 -4.008121
0.495049 0.640722
2.261442 3.365538
1.034544 2.539260
-1.394915 -1.797288
-2.711759 -3.141531
-0.885495 -1.049607
-0.254326 0.001810
2.401489 3.524755
1.741196 2.065322
0.049158 -0.267707
-0.098796 -0.132439
-0.413899 -0.217852
-0.909519 -0.345900
-1.276976 -2.448294
0.762684 1.084768
0.313334 1.578048
-1.485867 -1.527237
-1.636753 -2.891979
-1.254301 -0.914089
-0.443842 -0.981213
-0.845278 -1.942092
-0.525861 0.101166
2.545034 3.271521
2.304746 3.929241
-1.976763 -2.067615
-1.393212 -2.487992
-1.540924 -2.464575
-0.887226 -0.605829
-1.046118 -0.699859
1.117679 2.271613
0.925041 1.134859
-1.187237 -2.253565
-2.777304 -2.661729
-1.637487 -1.929050
0.258079 0.048918
-0.054017 -0.899867
-0.877568 -0.761482
-1.368528 -2.195308
0.027326 -0.430739
0.734671 1.661383
-3.347795 -4.357605
-4.522743 -6.054275
-1.165875 -1.165273
1.256945 2.955446
0.647057 1.280931
-2.492248 -3.552455
-0.529982 -0.575460
0.603856 0.451178
-0.237925 -0.348978
-1.742821 -1.019437
-3.942618 -2.480172
-2.186639 -1.893416
-0.404669 0.588267
0.380282 0.507273
0.758667 -1.049606
-2.341477 -1.722049
-1.869965 -0.378049
2.199573 1.949317
-0.262611 1.432149
-2.036305 -1.369664
-2.990107 -4.305481
-2.429028 -0.917628
-1.213171 0.885678
1.015654 1.534769
1.352039 0.665981
-0.420449 -1.633649
-0.306789 -1.645690
0.997569 1.475868
-1.077321 -0.432232
-0.365068 0.358601
-2.796940 -0.448717
-1.423647 -1.783607
-2.379489 -1.547625
-3.130742 -1.849059
-0.074199 -0.539488
0.458730 -0.017644
-0.375630 -0.443693
-4.728641 -2.865536
0.450570 -0.948530
1.379978 -0.051623
-0.324569 -0.424543
0.938519 -0.321729
0.666242 -2.058206
-0.337007 -0.794522
-1.073739 0.268457
-1.572435 0.923945
1.143258 1.846915
2.311193 0.867627
1.197724 0.632665
-0.208846 0.854664
-0.543125 0.672420
-0.646240 0.116677
-2.769768 -1.994007
-0.689915 1.115489
0.451675 1.691577
0.662286 0.742945
-1.181759 -2.376909
-1.697335 -1.730245
-0.481823 1.279211
-0.481435 1.748650
-0.620634 -1.152262
0.810820 -0.912590
-2.232620 -1.515603
-2.566126 -1.021545
-3.436971 -1.092826
0.576406 0.446837
0.231816 -0.219213
-0.254748 -1.141095
-0.553225 -0.869383
-2.172274 0.143517
-1.717203 -0.221052
-1.272960 -0.969813
-0.334239 -1.098240
0.568798 -1.079414
-0.372953 -1.769763
-1.314904 -1.815187
-1.578455 -0.480039
-0.382280 0.874925
-0.616511 -0.051308
-2.872049 -3.723349
-2.314446 -1.959608
1.906737 1.756944
4.349400 1.646157
2.103183 0.851096
-0.637418 -0.463613
-1.394121 -0.617042
-0.580506 -1.397185
1.858519 -0.019742
2.059138 0.553269
0.538704 0.585043
-0.064075 0.304402
-2.098257 -1.374447
-2.424209 -2.757753
-1.695562 -1.347993
-1.116650 0.069370
-0.542913 -0.846957
-0.920785 -0.714995
-1.848302 -0.165292
0.408271 0.558091
-0.448710 0.496104
0.269775 -0.200848
0.740033 1.371427
0.518270 2.434657
0.316326 0.842020
-1.447284 -0.453806
0.846500 0.404977
-1.036910 -1.325968
0.475642 -0.264360
0.699120 -0.656229
-0.741254 -1.862316
-0.462109 0.158382
-0.424743 -0.582396
0.033326 -1.075324
-1.248107 -0.358324
-0.921546 -0.660436
0.344724 0.815271
-0.058040 -0.443396
-0.519355 -0.313009
-1.314528 -2.013485
-0.177801 -1.002721
-0.530480 -1.567019
-1.541804 -3.227291
-1.650368 -4.231795
0.095547 -0.168749
0.132545 1.497776
0.053421 0.471543
-0.530828 -0.528339
-1.635506 -3.376548
-0.915940 -2.468005
-0.869400 -2.232163
-0.869816 0.306555
-0.156384 -1.387665
-0.203049 -0.775132
-0.333721 0.120174
-0.507482 0.468349
-0.371909 -0.472736
-0.939545 -1.966481
-1.231373 -1.359106
-0.172876 0.075086
-0.171750 -0.252230
0.709078 1.621593
0.276109 0.360335
-0.184636 -2.076718
-0.682985 -2.101064
-1.018900 -3.259341
-0.701547 -0.543515
0.419022 1.733110
0.885952 2.500449
-0.615988 -0.417207
-1.858152 -4.183364
-1.405609 -3.531189
-0.126296 0.106813
0.158591 0.828017
-1.273208 -1.824644
-2.266187 -3.062897
-1.734209 -3.091242
-0.511445 -0.661188
0.321789 -0.115943
0.133808 0.212118
0.011254 1.232618
-1.008953 0.109207
-1.785693 -1.768489
-0.965898 -1.312517
-0.703806 -0.742294
-0.481496 -0.788847
-0.654617 -1.237444
-0.548341 0.947668
-0.916667 0.638606
-0.902063 -1.090844
-0.586084 -1.624292
0.589206 -1.446319
-0.555323 -1.843292
-1.156818 -0.712472
-2.111642 -1.351277
-1.782571 -3.329592
0.019266 -3.161351
0.205710 0.106445
0.523484 1.013881
-0.847852 -0.139792
-1.412927 -3.295481
-1.568571 -3.412055
-0.878115 -0.385558
-0.688426 0.384472
-0.645013 -0.253883
0.784216 2.465392
-0.740146 0.786942
-1.103981 -3.090946
-1.147634 -2.150708
-0.774443 -2.838268
-0.193493 -1.487757
-0.194271 1.469026
-0.820113 1.958905
-0.747534 0.022967
-0.124673 -1.634316
-0.231002 -0.692865
-0.702628 0.004509
0.229901 2.418240
-0.333020 2.199394
-1.385452 -0.031213
-1.626396 -1.877319
-0.045363 -0.712038
0.171395 -0.913326
0.361310 1.341228
-0.060033 -0.542343
-1.436825 -1.371091
-0.493693 0.303501
-0.194571 1.580717
0.094636 0.965147
-0.574557 -0.277831
-2.029681 -1.613092
1.206303 -0.105500
0.466104 0.168724
-0.331801 0.011121
-0.542194 -0.629950
0.220127 0.037631
-0.413323 -0.797294
-3.117345 -1.342181
-1.653043 -1.151785
-1.421397 -0.553340
-0.944262 -0.863597
0.224716 -0.683945
-0.804745 -0.554210
-1.063425 -0.180596
-0.667723 -0.007566
1.741918 0.030389
3.100711 0.938216
0.784816 0.003947
-1.997106 -1.148970
-2.226793 -1.193533
-0.797310 -0.485362
1.883141 0.117180
0.578523 -0.627863
-0.654285 0.172579
-2.970125 -1.502688
-3.250674 -1.602532
-2.465863 -1.285209
-0.699427 -0.861942
-0.016501 -0.242902
1.579848 0.660523
0.522524 0.608511
1.119314 0.411676
1.695388 0.065734
1.151156 0.108512
-1.138010 -0.941624
-0.869919 -1.329618
-0.027043 -0.290394
0.903810 0.028700
-1.037113 -0.986701
-3.969743 -2.268227
-3.600178 -1.769974
-1.258507 -0.675989
1.909534 0.804124
2.963598 1.495141
0.517587 0.127224
-2.263423 -0.960277
-1.318113 -0.706327
-0.391213 -0.053024
-0.263901 -0.802210
0.955055 -0.066492
1.655910 0.695779
-0.439451 -0.937802
-1.032436 -1.233283
-2.279471 -1.024889
-0.083956 -0.716832
-1.101717 -0.851520
-1.902681 -0.888467
-0.924426 -0.861617
-1.584983 -1.171273
-0.201193 -0.267346
0.400316 -0.390468
-0.799146 -0.852683
1.618776 1.171253
-0.293172 -0.423591
-0.922806 -1.054303
-2.966219 -1.871545
0.205131 -0.317416
-1.537518 -0.958935
-0.982866 -0.454881
-2.201667 -1.019331
-1.919473 -1.357794
1.025986 0.211690
1.087361 0.166196
-0.408585 -0.364301
-2.164437 -1.451787
-0.710601 -0.167935
0.099428 0.122101
-0.657787 -1.255071
1.211213 -0.141536
0.774101 -0.281554
-0.952373 -0.991894
-0.759300 -0.021747
-2.045787 -0.824412
-1.550347 -1.190449
0.086252 -0.478887
1.306790 0.405039
-0.770068 -1.033104
-0.775049 -0.442167
-2.172240 -0.891272
2.351630 0.847866
3.363068 1.022159
2.562762 0.890093
-2.158027 -0.776949
-1.258920 -0.783445
-1.173915 -0.288440
-0.141946 -0.478948
0.295624 -0.268496
0.699138 0.025378
-0.852870 -1.227169
-1.692744 -1.158552
