0.000000 0.445067
0.000000 0.774550
-1.201809 -0.227238
-2.939988 -0.226806
-1.687068 0.158895
3.241422 1.357826
2.320848 1.017206
-1.251319 -0.817864
-2.627299 -0.432956
-2.065543 -1.466164
-0.557285 0.173341
0.075091 1.104079
1.435516 1.445885
0.835165 0.087612
0.877243 0.042173
1.538289 0.785985
-3.519454 0.401112
-3.775730 -0.217876
-1.866524 0.147174
0.208625 -0.353066
2.043071 -0.118625
2.166912 -0.035080
-0.230829 1.098661
0.757014 1.897527
-1.737848 0.969409
-0.278776 -0.725616
-0.413987 -0.323717
-0.395239 0.000910
2.627572 0.956284
0.420319 0.045812
-1.387339 -0.137498
-3.061648 0.055691
-1.096695 0.642034
-0.817463 0.793062
-1.322001 1.035690
1.213322 0.696438
1.634150 0.582690
-1.894770 0.844099
-2.471072 -0.237780
-0.340619 0.029910
4.642933 1.061516
2.757045 0.364939
-1.400245 0.984581
-2.958660 0.612347
-2.353171 0.059456
1.506446 1.274013
3.230380 0.295697
1.001951 0.002415
-2.687328 0.712733
-3.803491 0.337099
0.468558 1.775919
2.111605 0.547647
1.268929 0.101379
-0.035971 0.696856
-2.126685 0.698713
-0.830421 0.520420
-0.836225 0.251539
-1.222974 0.151011
-2.202207 0.846297
0.146379 1.106623
3.260517 0.053803
4.478971 0.476336
0.438078 0.872424
-1.011028 0.588074
0.172196 0.360955
3.417919 0.803957
0.799304 0.365190
-1.684820 0.278088
-2.306247 -0.087418
1.106237 0.453548
-1.085744 1.602601
-0.643133 1.266071
0.661135 0.937955
2.040423 0.960025
0.206754 1.111361
0.202384 0.584150
-0.029130 0.460882
-1.059979 0.252345
0.909295 0.625311
1.285435 0.355177
1.980349 0.099937
1.913459 0.312881
-1.656019 0.296564
-1.835574 -0.013122
-2.115206 0.369006
-2.670222 0.763653
1.233768 0.425175
0.635346 1.192238
-2.430362 -0.317867
-4.221527 -0.143937
-2.426093 -0.800824
1.102395 0.568211
1.800845 0.980799
-0.509495 1.124981
-1.428125 1.547327
-1.527051 1.416832
-0.368406 -0.038039
-0.467673 -0.189992
1.383157 0.263686
1.748145 1.350629
-0.626351 0.095223
-0.703588 0.273300
-0.967878 3.546691
0.057368 -0.875783
0.406716 -3.922049
1.351573 -3.421608
-2.168044 1.330005
-3.743643 4.844439
-0.073435 2.691188
3.555804 1.236939
4.441363 0.114447
0.371685 -3.182593
-1.382202 -2.141085
-4.963512 0.365637
-0.548243 1.444754
4.581571 3.788563
5.154603 0.847881
-1.906708 -1.617094
-1.644216 -1.376429
0.906369 2.483775
0.139790 0.666788
2.788447 -3.418378
2.216733 -2.110145
1.826767 0.242310
-2.509477 1.161536
-2.832166 -3.475771
-0.187004 -4.686149
-0.446844 -1.615534
-0.227919 1.829775
-1.580541 1.691598
-0.626546 -2.036418
-2.803935 -3.997649
-1.350628 -2.486334
2.226772 0.450274
-0.536146 0.494713
-1.806931 0.521760
-1.752734 0.816100
-1.039984 -0.340989
-2.664949 0.073507
1.539037 1.038994
3.438836 -0.435830
2.501432 0.122030
2.771970 -0.288886
-0.167799 0.767306
-0.617561 1.446187
2.752511 -0.951853
2.656402 0.486928
0.418047 -0.432878
-0.293320 -1.807223
2.346145 -0.391054
1.469135 2.187467
-0.546578 -0.108686
-0.454394 -1.491633
-0.383108 -1.708470
0.688463 0.077624
1.783134 2.652788
2.626414 0.190093
-0.001410 2.016220
-2.815065 2.868409
-2.702268 0.020673
-1.353400 3.109543
2.505058 2.588210
3.067159 -1.618667
-2.493542 -4.421853
-5.002365 -3.327047
-1.646664 -0.062215
1.487635 0.660413
0.785068 0.456996
0.004360 3.293722
-0.129340 5.497303
-1.623320 2.730698
1.085966 -0.515544
2.988600 -1.516332
2.494251 -0.163477
0.565432 -1.319978
-1.249335 -1.753686
0.228907 -0.085786
1.527774 0.086372
-0.057973 1.482752
-1.660553 1.260888
-1.951219 -1.279994
0.520317 -1.854831
-0.056337 -1.785718
-3.287100 1.677573
-3.064839 1.662776
-1.722976 -1.032807
-0.112430 -2.517779
-1.524380 -1.912024
-1.276997 1.502306
-1.693145 0.067108
-0.643063 0.388871
0.990783 -0.794624
0.339376 -0.035720
-0.700052 -2.009541
-2.642012 -2.930119
-2.599595 -1.640937
0.984450 0.485775
1.245650 4.655274
1.442641 3.940254
0.527060 -2.470947
1.705822 -1.600255
4.836868 0.973038
5.316099 4.086588
2.852790 4.167972
2.200631 -1.582843
2.524695 -1.965400
2.332789 0.397299
0.601533 1.239927
2.333134 1.819544
2.766754 0.063901
2.699106 -1.862882
4.794862 -1.618874
3.201448 1.878429
3.044184 2.863155
3.212342 1.443050
4.116952 -0.346207
3.444963 -1.669877
1.643649 -1.159714
1.719381 -1.358869
3.366378 0.502114
2.181854 1.785226
-1.917222 1.345915
0.231031 -0.770026
4.048129 -1.121593
1.731041 -0.895446
-1.179963 -0.693302
2.369487 2.269250
0.747508 -0.319714
0.028275 -1.872541
1.643742 0.513599
4.040250 1.321204
3.681209 -0.306604
2.050665 -4.196070
3.851426 -2.425902
2.174758 2.409394
2.645400 3.467398
0.252086 0.899056
1.026867 -2.176569
2.927231 -2.691060
3.694670 -0.548338
4.206722 0.674713
1.674145 0.967905
-0.651646 0.159680
0.631684 -0.077886
1.898146 -0.300936
3.612028 -1.015967
2.009546 -2.953003
1.631688 -1.285022
2.040081 2.040718
1.244960 0.567632
1.405042 -0.589969
4.938481 -4.376074
3.912370 -2.996899
0.696537 0.172734
-0.742735 0.549792
-0.311464 1.805869
-0.574478 0.747151
4.671697 -1.194351
2.846404 1.512379
0.902013 3.282237
2.457072 1.731568
3.329980 -0.292221
4.920222 -2.204172
5.753099 -2.241754
1.515402 -1.193367
-0.342801 0.370991
0.638601 -0.334810
0.830351 -1.455117
3.311737 1.340581
4.730824 2.516348
6.276270 2.167792
2.651184 2.327533
0.049605 0.032618
3.924158 0.158714
2.546807 -0.323353
0.149376 0.750116
1.992004 2.668208
1.214809 0.101181
5.057324 -0.702158
3.036223 -0.223404
0.021395 2.490600
1.257516 -0.265431
4.649073 0.373557
5.603856 -1.458302
2.036285 -3.057433
-1.406564 -2.917108
0.297410 -0.846037
4.193581 -0.535289
3.534829 -0.783962
-0.374616 -0.713244
-1.639014 -0.600798
1.282105 -1.018702
2.764242 2.924218
2.830902 2.547090
1.215384 -0.961026
2.507011 -0.835735
4.600904 0.278543
1.948159 0.346582
-0.562120 -2.632290
-1.333320 1.884034
4.758863 2.551465
6.176991 0.677406
1.524360 3.679550
-2.568664 2.390347
1.024764 2.506565
2.438250 5.938325
1.714601 2.953982
3.648441 1.524166
4.072522 3.166702
2.736685 2.518527
3.099733 0.193739
3.039849 0.223418
0.695543 -1.893450
1.559243 -2.664948
3.191891 -0.683351
1.706096 1.799445
2.590635 4.258532
5.205669 5.366205
2.221778 0.293547
-0.759612 -0.381849
-0.124821 -0.627249
1.659660 -0.046942
1.694140 3.162155
1.259691 1.805321
1.579448 3.388113
2.498534 0.355255
3.338468 0.407485
2.619121 3.528709
3.070272 5.563154
4.753299 3.396420
2.667205 -1.798687
2.101642 -2.752571
1.673237 2.117184
4.387389 4.589440
7.700139 7.273101
4.970367 2.141618
-0.857299 -0.145818
-2.420051 2.064137
-0.678330 0.118284
3.113673 4.517885
4.089716 3.905730
3.225294 -0.683942
0.807612 -0.269821
0.364290 4.366030
-1.118574 7.059727
-1.016366 2.668508
-1.392728 2.208346
3.250779 1.620295
6.915863 2.048786
3.021028 2.273718
0.602018 0.248655
-0.535127 -1.506412
2.399094 1.435273
3.352427 6.177368
1.201750 5.228583
-0.824910 1.793343
-1.596601 -1.235100
0.465543 1.828589
3.044186 3.145080
2.503199 2.282741
0.268021 1.689578
4.106555 0.867336
4.958036 0.801313
-0.055554 5.591646
-0.986973 4.100305
1.296454 -0.276227
4.076741 -2.552177
5.494487 0.810458
5.447146 4.465162
4.269238 4.747165
4.320361 1.689640
3.279955 -0.407976
2.477901 0.426353
1.570769 4.412625
1.073328 4.959677
2.584438 1.340244
3.855689 -1.735186
2.824497 -0.393817
1.725864 3.340167
5.218994 4.662815
5.381493 4.869862
1.732981 1.540594
0.290537 0.095294
-1.591865 -3.433687
1.585804 -1.419424
4.887109 3.789538
1.806413 3.133478
3.471450 1.060144
4.842555 1.566912
2.346056 1.229581
0.323033 0.439469
-0.072910 1.928795
1.940577 2.376306
3.180154 4.808696
1.965232 2.672295
1.627951 0.036539
-1.737595 -0.980698
-0.140451 3.614876
5.186012 4.701212
3.977323 4.201963
-0.159535 1.396905
-2.624460 1.549575
-3.749747 3.438787
-0.357074 3.524804
-0.888973 4.148106
1.959863 2.812486
2.699502 0.556085
0.664255 0.583716
-1.086362 0.283586
-1.912114 3.898253
1.269353 3.805872
1.573370 4.191563
0.202241 4.276463
-2.168361 1.689923
-0.417498 1.666596
1.978795 2.798649
-0.176799 5.262891
-3.126618 0.001008
-2.021440 -0.255646
0.074517 1.273538
0.765266 3.619320
2.143006 3.923385
2.472022 1.227617
0.828340 4.181159
-2.650498 1.152700
-4.907304 -0.490351
-4.796645 -0.283602
2.161248 1.154014
3.147212 2.689391
0.620825 2.353542
-0.800675 3.297378
-1.990191 -1.068728
-2.880853 -1.578188
-1.432260 0.250464
1.240877 3.168441
2.490548 3.771039
1.194695 3.970736
-0.752882 6.859581
-2.537533 5.082296
-1.968056 2.734883
-2.258071 2.138374
-1.222169 5.106171
0.651903 3.391850
2.464460 3.123180
2.179609 4.732881
1.360560 3.709384
-3.310855 0.018353
-3.549301 -0.172827
-0.420129 1.099306
-0.523618 3.639880
-0.722829 1.932232
-1.627519 2.244612
0.352525 1.584260
0.630063 0.999119
0.895250 0.557135
2.595061 2.626166
-0.074518 3.034783
-0.825793 4.373444
0.130415 -0.332907
0.014540 -2.873931
0.280326 -0.077954
2.076518 4.696169
0.800568 5.071333
1.328476 1.740675
1.591163 -0.105790
-0.897701 1.269222
-2.170111 5.660581
-3.020952 4.733708
1.382735 1.717129
2.075194 -1.350096
-1.234974 2.584577
-4.759620 3.268583
-0.898218 -0.742387
1.720236 -0.649402
-0.838766 -0.477754
-2.067518 2.389762
2.170119 3.847137
4.025600 1.532149
2.950781 -1.343556
-1.600340 -1.848104
-4.641497 3.719743
-3.630465 4.933936
-2.410527 4.986104
0.444319 3.318023
2.052449 1.611829
2.192142 1.021171
0.566351 0.616935
-1.634982 1.172273
-3.317996 1.137522
-2.792235 2.265463
-3.130237 3.018668
-0.037694 4.226854
1.713849 1.473992
-0.589148 1.739533
-1.468065 3.261044
0.818412 4.067407
0.032146 1.036401
1.541034 0.434909
2.130773 4.253889
-1.140577 4.079219
-0.543477 -1.664435
-0.395513 -2.016051
1.341425 -0.546265
1.554059 2.747563
1.467422 -0.106557
1.148851 -2.396763
-1.758766 -3.091894
-1.484644 -0.031721
2.781126 -0.560585
3.195789 -1.160567
0.818735 -0.710943
0.386916 0.877689
0.465212 1.291372
-0.768361 0.775421
-4.063198 -1.040262
-1.555494 -1.584120
1.147976 -1.556251
0.206426 -2.861669
0.288672 1.433212
1.507423 2.175190
1.984642 -0.655481
-0.352145 -0.373987
-2.539668 0.186581
-2.136043 -1.210082
1.027295 0.522079
1.338623 -1.246702
3.478211 1.949541
0.162554 0.840298
0.861719 -0.308144
0.893861 -2.786614
0.972993 -0.216558
-0.724990 2.376796
0.151597 1.654292
1.274494 1.710863
4.978906 3.361241
3.422913 -0.991447
-1.909772 -0.884145
-4.566853 -1.383433
-0.146250 1.344579
3.029226 3.701527
0.457662 0.910546
-1.108158 -1.012602
0.120700 -0.240002
0.541129 -0.542898
-2.146467 1.709673
-2.497435 3.242680
-1.868747 1.449753
-2.101613 -1.661471
0.956081 -2.124717
1.510463 -0.437835
1.354579 0.777797
0.405550 1.437592
2.993267 1.930393
1.952686 0.670784
3.509098 -0.700290
-0.355203 -2.698864
-1.907027 -3.397031
-1.883386 -1.950010
2.781163 0.557698
0.597674 -2.863231
1.753125 -0.950604
2.123618 -0.950823
-0.758594 -4.071375
-5.161764 -0.966454
-0.993685 0.513414
-0.623067 2.663191
1.825699 2.422137
0.109906 2.168100
-1.282635 0.248280
-4.197613 -2.471597
-0.156657 -1.172214
1.855915 -1.797188
4.030279 0.298859
2.074927 0.163218
1.986894 0.371092
0.767864 -1.175692
-1.370569 -0.184093
1.394159 3.311302
6.351183 3.057676
3.203901 -1.268446
-0.456255 -4.442111
-4.472980 -5.545179
-2.870717 -2.009352
1.131914 1.406969
4.835690 1.711377
1.805115 -0.942118
-1.333103 -4.266819
-0.403533 -0.975621
0.563371 1.324859
1.100972 3.137556
-1.099847 -1.941226
1.147051 -0.537248
-0.643645 1.806181
0.515862 1.761911
-0.146960 0.554022
-4.036760 -0.620458
-3.167946 0.519039
-0.412673 1.464211
-0.709756 0.094806
-2.647496 0.233773
1.866346 -0.368486
5.728184 0.550959
2.873712 0.177270
-1.148477 1.968040
-1.898084 -0.948658
2.305007 -0.169694
4.401933 1.164142
1.946147 -1.358429
3.895288 -3.700320
6.060522 -0.385057
2.708893 3.330615
-1.093849 2.159472
-0.793496 -1.634156
0.666838 -2.198874
3.454817 0.539543
5.693249 1.450081
3.034606 -1.791553
0.990102 -2.304789
-0.579156 -3.087316
1.850366 0.100575
2.608864 0.408466
2.506224 0.321933
3.450339 1.414113
3.088234 -1.004265
0.751692 -4.102132
0.287532 -0.670357
1.487189 1.324386
1.899319 2.665285
1.684889 1.391253
0.527155 -0.942330
2.683397 -2.055001
4.084640 -4.635601
1.720406 -3.184032
0.738766 0.969050
1.268464 4.518151
1.494862 2.876666
3.879363 1.069076
1.233923 -0.550728
-1.762190 0.033641
0.158412 0.597396
2.347096 1.841432
2.840062 -1.505092
2.804387 -3.136231
3.977580 -0.528124
5.707620 0.770631
2.587176 -0.595781
-0.392656 0.096107
2.208806 -1.996993
1.328111 0.845288
0.278053 1.271180
0.191786 0.468088
4.113797 -0.206758
5.480566 -1.332089
0.816300 -3.685039
2.149110 0.865354
3.554519 2.432349
4.127092 -0.696970
1.819327 -3.346001
-0.788607 -2.939230
0.306761 1.493196
-1.150859 3.842331
2.500634 -0.051813
3.798330 -1.876207
4.671482 -0.063765
4.224136 1.895843
2.958742 3.126972
0.241262 0.942325
-0.662607 -1.114394
0.349148 -1.817264
0.497771 0.674079
3.783573 1.113264
4.192230 -2.054391
1.852748 -1.787423
3.735795 0.481920
3.145568 1.854173
2.590342 0.065919
4.860095 -0.427377
3.134413 -0.579731
2.066068 0.249659
1.753424 -0.743714
3.297654 -0.959530
4.825829 -0.333182
2.725289 -0.607459
3.334823 1.067026
5.470185 2.293588
4.869591 0.071274
3.895387 -1.101200
1.810436 -1.643133
6.358229 -0.305638
4.906710 -0.124478
0.188521 0.590420
2.987284 -1.204841
5.492090 -1.365196
7.413029 -1.476277
0.563408 -1.982516
-2.065128 2.825659
0.144891 2.730435
2.143154 0.460203
3.257751 0.581086
3.390264 0.343958
0.851548 2.767769
2.875944 3.561553
3.051449 -1.177170
-1.564266 -0.559764
-2.589431 2.634168
-0.318418 6.873218
2.676743 3.143447
3.228817 3.527800
3.053372 0.536816
1.721474 0.841214
1.810329 0.262754
1.093636 2.508667
-0.564801 2.422779
0.400332 2.643162
-0.269219 -1.248255
0.998610 0.048587
3.636933 1.986428
4.343878 3.849808
-0.302101 7.077859
-1.577109 4.502855
3.442687 3.840540
3.960816 3.427451
3.303543 2.486473
2.612736 2.224038
3.091655 0.807133
2.731733 2.664166
2.635582 1.776472
3.962609 4.348739
2.056822 2.119062
-1.304675 -1.058303
1.276506 1.838156
2.930556 3.952541
4.454083 3.985568
4.687917 3.430301
1.237481 2.819546
-0.172781 2.462228
-1.463595 -1.176385
1.534434 -1.609952
4.785462 0.757915
5.117378 3.703302
1.447049 4.668436
3.997705 1.862187
4.466452 2.665443
3.468660 3.111552
3.539848 -0.824544
6.690943 0.552526
4.243683 1.241942
0.832845 1.648107
3.728583 3.520599
2.802396 4.994218
-0.427862 0.374556
-1.889639 -0.764294
0.520923 0.511390
3.663271 3.764654
3.801689 2.239410
0.741455 -1.542226
2.098919 -0.363334
1.393923 1.080526
-1.368729 5.447221
-0.402187 4.329553
2.357665 1.497530
3.783381 2.633799
3.759736 2.802209
4.875450 -0.806193
2.744880 0.515504
1.247722 3.849450
1.605647 5.814330
2.073198 3.162672
2.292371 1.462636
1.718725 2.784273
1.638969 4.158204
2.995389 4.253434
6.807200 4.954809
3.575717 2.805281
2.178021 2.350040
1.914052 2.246380
3.416296 -0.263633
2.716541 0.841403
0.985477 0.242555
1.767840 0.658972
3.757822 2.914232
1.841099 6.090282
3.848656 2.119020
1.426069 -1.975246
-0.452333 -2.023580
-0.328318 1.546169
1.341161 2.256092
1.326060 1.695468
5.067478 4.310699
5.855245 1.459022
2.420947 2.443633
-0.266031 0.218516
1.640823 -1.267994
5.629099 -0.219608
1.319108 1.183291
2.681880 4.683208
4.337609 2.337054
7.258731 3.557872
3.019267 4.891842
1.047138 2.258168
-1.754211 1.114943
-1.922974 1.247557
0.688743 5.427820
4.166328 4.890219
1.117440 4.658336
0.343533 2.261080
-1.224775 1.619093
-1.161463 1.567874
-0.659619 -3.421728
-1.109570 -1.122996
0.992525 5.369055
0.311008 6.984294
-3.489787 2.280597
-6.200045 -3.006158
-1.456329 1.113595
3.085326 3.980169
3.465424 3.568979
-1.108106 2.179088
-2.285408 0.828519
1.199240 2.245335
1.243344 1.679190
1.575189 1.949474
0.122671 1.097904
-3.010283 1.482849
-1.016655 2.486655
0.585448 5.457524
-1.034242 3.534079
0.932616 0.786580
-0.291956 2.639523
0.299605 3.308385
3.478065 2.324600
2.283401 0.333857
-1.542498 0.545049
-1.731666 3.280405
-1.568475 1.987806
0.682849 1.856567
1.730806 1.317977
1.693904 2.463153
1.269806 3.563998
1.070242 5.705331
1.201504 3.118663
-1.087985 1.849326
-3.702704 2.378255
-0.378102 1.934082
4.120926 -0.205637
0.161769 2.083344
-3.549305 2.839661
-0.392190 4.784655
0.474046 5.440912
-3.498802 3.884549
-1.018322 3.565147
0.011901 5.972579
0.250630 4.721353
-3.365644 0.385824
-4.293279 1.536047
-1.051303 -0.727021
-1.531362 -0.807401
-0.312080 1.840059
3.167957 6.986058
3.217410 5.532390
1.767815 1.365634
0.397676 0.564870
0.392553 0.952559
0.849920 3.074042
0.241451 3.864768
1.086001 4.951731
0.458127 3.450798
0.305931 3.945122
0.473306 2.149197
1.904554 1.309888
0.633217 0.680518
0.454732 -0.252620
-1.157990 0.259691
-0.037584 -1.236333
0.522022 2.873276
2.101050 5.074740
0.142165 3.634578
0.576953 -0.032511
-1.174677 1.429708
-1.481948 1.013270
0.066077 1.000821
1.411409 1.393256
0.295913 4.275151
0.015701 2.411332
-0.293279 0.530515
-1.254670 0.197438
1.444846 1.095160
-2.226758 1.898106
-4.072831 1.082798
-0.753621 -0.104937
1.000917 -1.493660
0.316562 -0.949701
1.532582 0.064541
1.042693 2.087788
-0.049796 4.142263
-1.183058 3.998375
-1.440331 1.760079
2.674198 -0.188293
1.906021 1.623340
2.284276 5.943346
-0.034239 3.930609
-1.725778 1.534614
0.291712 -0.130189
-4.118909 -1.590068
-3.132652 -0.501002
-0.336936 2.904073
-0.745726 2.695848
0.541300 1.114147
2.266622 1.887794
-0.174982 -0.994838
-3.003738 -3.143193
-3.033142 -1.420587
-0.682406 1.089046
-0.776510 1.103712
-0.179149 -0.408888
0.637000 -1.340823
1.531235 -1.661641
1.550448 0.966593
-2.109830 -1.191553
0.017692 1.538009
0.938884 2.097517
-2.899024 -0.236237
-3.001930 0.469095
-0.337327 1.905039
1.998593 -1.254756
0.814627 1.665645
-0.127051 0.638566
0.295853 -1.128117
0.012430 0.824384
-0.596814 -0.963815
1.862527 -3.763784
2.788725 -2.462518
-0.387068 2.076317
-4.391015 2.502948
-2.589564 0.033423
0.006128 -0.100188
4.418368 3.413716
0.623748 -0.750662
2.293358 -3.924269
1.812887 -1.063203
-0.347350 -1.053436
0.572257 1.877459
1.758768 2.242996
2.530556 0.204155
3.518552 -0.329151
3.379308 0.032341
3.635532 -0.578550
-1.776683 0.486063
-3.691071 3.503101
-3.195804 2.383919
0.451467 0.258265
1.656992 0.668832
1.894915 2.099470
-1.668159 0.856527
-2.146700 -0.008564
0.025696 -0.705992
1.716685 0.346101
2.667248 5.042617
-0.183427 3.689983
-2.915346 -0.638306
-0.292882 -2.845782
-0.880956 -3.131740
-1.720693 0.866371
0.905814 2.671911
1.946739 1.075655
-0.285658 0.196385
-1.399878 3.177096
-1.307520 2.304202
-1.228870 2.467918
1.838624 -1.181858
1.396683 -3.708116
2.081167 -3.115629
-1.206196 -0.653871
0.701297 0.225926
1.342438 0.651314
0.562789 -1.715035
-1.694720 -1.470399
-0.618675 1.080247
0.002541 2.448727
-2.291781 0.786517
-0.240805 -1.527799
2.696787 -1.096001
3.888950 1.483538
-0.205907 3.054007
-2.881338 2.011952
-2.830020 -1.693073
-0.008419 -2.321820
2.796889 0.206092
1.899625 -1.354240
1.745476 -0.572130
-0.959656 0.811301
-3.376561 0.088508
-1.639582 -2.909542
1.465899 -2.350019
1.968240 -1.074300
0.515892 3.810974
-1.951881 3.506560
-2.178881 3.551486
0.092873 1.541558
1.993200 -2.671509
2.879493 -3.214385
5.721758 -1.911337
3.646791 2.847530
4.102340 4.834048
1.788651 -0.449946
-0.122826 -2.951439
1.296882 -1.678134
3.128657 0.086679
1.915013 3.003008
1.975061 -1.466564
3.001883 -3.628359
4.785277 0.800687
2.366897 2.545583
-0.992232 0.425061
2.037234 -0.566977
3.599639 1.084226
2.512255 0.948803
1.807575 1.546901
5.279649 -1.403791
2.832841 -2.483024
-0.450490 0.365205
-3.740273 -3.684350
1.390301 -2.783934
6.481228 0.136607
5.026731 1.298058
1.007713 2.091051
1.736840 0.850905
-0.370350 0.821012
1.595761 -1.555244
1.093422 -3.908722
3.696102 -5.182947
4.638819 -0.737029
2.160576 -1.639050
0.917743 -2.111640
2.818654 -2.523374
2.616866 -1.845975
1.418426 0.649589
2.663852 3.541553
1.251348 4.641333
1.608521 2.221447
1.610170 0.334128
5.462223 -2.084413
3.447197 -0.699450
0.190467 -0.331531
-1.856361 2.099023
-0.218921 1.662835
1.854901 1.532023
2.229175 -0.226845
3.128234 0.786589
2.559908 2.043629
2.549875 -1.254397
2.929685 -2.585641
0.256250 -0.803564
3.753680 1.163869
3.690152 -0.480194
3.233372 1.646195
3.425020 4.036916
2.602959 0.937857
0.081071 -0.689693
1.728050 -2.901246
1.172562 -0.676439
-0.682701 -1.653285
1.452118 -2.534241
1.411573 -2.085648
4.414439 0.174690
2.758101 3.105891
0.100837 -1.078413
-0.020485 -1.547385
2.187431 0.939591
3.041323 1.837772
2.617283 2.464836
0.679304 -1.072154
0.225802 -2.083517
4.893065 -1.636813
4.261863 1.275846
1.820857 0.249044
-0.390406 -1.068692
1.925641 -2.098773
5.582429 -0.047575
6.497913 -0.095193
3.798433 -1.628939
2.487583 -2.431468
1.092933 0.036005
0.456161 4.156451
1.010629 3.863531
-0.078120 0.117709
0.547322 -4.987114
1.057453 -2.848377
4.277859 1.215759
2.763848 4.346744
2.104466 1.048913
-0.824121 -4.089921
1.591741 -5.248554
3.326179 0.575049
3.547381 2.566805
-1.624414 -0.063022
-1.758387 0.997494
2.790075 -1.685256
3.677906 -2.869440
-0.939444 -4.787011
-3.603865 0.141440
2.541352 2.743347
5.537929 4.065886
3.014804 2.942601
2.183795 3.465773
2.324747 4.200052
2.576945 1.069517
1.906166 1.459359
1.749940 1.343119
-0.110532 2.508151
1.625456 2.658985
2.877522 1.659045
2.359463 1.623354
-0.829373 0.244742
1.895675 1.243382
3.902084 2.099366
3.964496 2.254974
2.834941 2.854412
3.282883 2.980590
0.841875 0.106000
-1.264386 2.302924
-0.071875 2.219350
2.731947 2.800274
6.125449 2.474084
6.780168 0.168807
5.417574 1.279976
5.624348 0.825040
6.288668 2.801382
1.478660 1.420127
-2.300679 0.375129
3.324476 4.630397
6.127822 4.568227
2.463153 3.406068
-1.352193 1.771628
0.660532 3.067197
5.488117 1.842873
4.131336 -1.237007
-0.275081 2.029136
-2.298389 3.532509
1.413332 2.320268
6.628965 1.528209
1.902176 0.597013
-2.946374 -2.776506
-0.668635 3.014917
1.650848 4.685740
2.579849 1.755813
4.126120 -1.400341
2.488685 -0.581684
-1.234187 3.506646
-0.091797 3.533719
4.150201 3.037586
6.051627 2.862895
3.866289 0.622801
0.175276 0.136188
-0.269297 0.463287
3.657280 1.746913
5.748671 4.829666
3.070848 2.362800
-2.298355 4.659504
-2.771739 5.043745
4.736496 3.372993
4.602917 1.688142
0.890036 -0.176222
1.453815 4.925522
1.573527 9.762429
3.474061 6.139730
1.168115 -2.537017
0.751438 -5.620040
0.393419 0.571814
4.715087 5.320972
5.366564 4.014615
3.314561 0.682901
0.905062 3.674357
0.078821 3.563969
-0.177166 3.638020
0.007020 0.481766
1.543002 -1.016290
3.310258 0.700012
4.068351 4.391114
2.756848 3.740058
3.081345 4.700216
2.480243 0.636782
-0.818194 -1.158740
0.283024 3.489989
4.314056 6.257137
5.050442 3.635109
3.788988 0.680047
1.322386 0.932117
-2.495242 5.064425
1.852307 4.542675
6.416307 2.972206
5.013785 3.375480
3.479489 0.108982
0.751070 -0.599923
0.845308 0.742541
1.672253 1.127351
2.030918 3.774780
2.379692 1.010046
2.719504 0.869253
2.988100 2.557004
-1.165268 1.067386
0.519531 0.932903
1.462418 1.754101
0.427080 2.450947
-1.608322 3.774022
-2.498153 5.173898
-1.267869 0.859686
0.775484 -2.030882
1.505045 0.159337
0.946593 1.759130
-0.184835 5.873049
-1.367277 1.843848
-2.473604 -0.610121
-1.250469 -0.602255
0.726719 0.825902
3.173052 1.656921
-0.043993 2.215528
1.540582 2.304777
3.268052 0.690699
1.391025 2.834333
-1.708453 0.707006
-2.581978 0.087550
1.373524 3.464237
1.534916 2.219644
0.108128 2.391127
1.463915 2.161797
1.855436 4.506833
-2.460509 4.111098
-2.188337 2.588012
-0.037396 0.818297
1.023784 -0.534228
1.378126 3.108946
0.464228 4.369455
0.266809 5.235969
-3.373884 1.835461
-2.443939 1.625342
-1.486208 1.227618
-3.042923 0.556147
1.208671 3.388906
0.236516 5.000370
-1.877632 4.861126
-2.896564 4.716430
-1.921485 1.476605
1.711548 3.621946
3.804594 3.827703
1.841392 3.395005
0.362738 2.836262
-2.292063 2.609719
-3.783288 2.483054
0.099403 3.811043
4.039400 3.680485
1.228085 1.893586
-1.929464 2.310404
-1.366427 4.138267
0.974669 3.866234
0.944170 1.890157
1.989324 1.389130
-0.293493 4.039669
-0.241304 5.050611
0.360522 4.254724
-0.311112 0.753915
-1.323123 0.475299
-2.276715 0.064194
1.521712 2.180606
2.746694 0.171249
1.274532 3.640256
-1.142066 1.359611
-3.356534 4.009435
1.788946 4.409375
6.406030 1.939806
4.191418 1.075381
-3.335547 4.442798
-4.472307 3.970854
-2.253118 -0.047273
1.381553 0.150153
2.362037 1.586933
1.884677 1.253794
0.120714 0.465111
2.185215 0.102300
-4.634442 2.339933
-5.311168 5.486687
0.616797 4.138782
2.638397 -0.218266
5.346388 -1.644211
1.621006 2.726622
-0.507275 5.283904
-2.330217 4.853392
0.120794 1.964731
0.822940 -0.565286
1.134397 0.132936
5.174686 0.219239
4.690682 3.407641
0.792377 4.701845
-2.089257 1.407354
-4.396834 1.525466
-1.404327 2.980049
-0.276208 0.934136
-0.256399 0.026210
-1.422441 1.794583
0.722726 3.478277
0.609300 0.886980
1.895452 1.906684
2.535802 0.215774
-1.021678 1.588702
1.329654 2.329866
4.899166 1.093208
0.024019 1.640388
-2.705057 -1.060398
-1.837722 1.353036
0.088009 3.840139
-0.474356 1.781745
-1.249693 0.819950
-0.519990 1.138389
-1.129405 -1.924590
-0.767530 -1.417601
-0.384168 1.787854
-2.720744 0.072669
-2.774374 -3.183804
1.575951 -0.094265
4.081976 0.936952
2.381519 0.292455
-0.767178 3.118817
-2.675383 0.712856
-1.410711 -1.465604
-0.271313 0.982859
2.060520 2.934771
3.886206 2.417775
0.659727 -1.497494
-1.261146 -4.871132
-0.901847 -0.822745
1.111608 1.982164
1.422934 3.619384
0.742283 0.551584
0.554524 -1.428417
-0.609946 -3.089314
-0.147624 -1.348476
0.366756 1.277525
0.057591 0.616002
-0.648413 -0.313893
-1.398255 -3.621993
1.413310 -0.629480
5.263599 3.532999
2.580415 4.095472
0.495606 1.130375
-1.657193 -1.828587
1.351087 -3.127214
-2.579882 -2.342261
-0.712662 -0.117802
1.212192 2.508760
0.394110 0.207981
-0.169517 -0.657022
-0.199828 2.910231
0.211777 1.744807
-0.985002 -2.043343
-0.095811 -3.492637
0.935328 -0.703745
1.402519 -0.345924
0.830708 -1.130327
2.496990 -1.334681
0.700208 3.351616
-3.159516 0.708708
-1.039796 -1.298108
-0.336862 -0.882740
-0.362703 0.170880
1.459220 0.987653
-0.391929 -3.104754
-2.785908 -1.782190
-1.344013 -2.399645
-2.094505 -0.413497
0.224387 2.900561
1.095246 1.305418
1.431829 -1.030088
0.108561 -1.976514
-0.892810 -2.042677
0.891292 1.991445
0.671653 2.196299
0.997114 -1.250784
-1.674073 -5.625581
-1.172248 -2.749524
1.550074 -0.520558
1.188337 -0.207428
0.625758 -0.368257
-0.045937 -0.360936
-2.323919 0.425555
-0.847057 -1.256966
1.654588 -1.322994
0.668577 -0.063901
-0.039812 1.024846
0.220339 1.266768
-1.793051 0.968343
-1.911924 -0.142292
-0.456653 -1.222437
-0.501606 0.693387
0.819859 0.031882
-1.913774 0.935365
-1.725614 1.625037
1.380512 1.575577
3.212142 0.158488
2.676903 -0.671471
0.765593 -1.134013
2.393369 1.643261
3.577529 0.009394
1.914927 -0.221790
2.711924 0.650938
3.340273 -0.264858
2.004209 -3.673580
0.208472 -0.666741
1.893298 3.058619
1.411601 -0.822636
2.429654 0.015109
3.472750 -0.651860
1.632456 1.157703
-0.514095 2.477601
3.526458 3.601725
5.950430 0.657247
3.995023 -1.112844
0.063388 0.400101
1.717673 1.187765
2.230084 2.137745
0.343892 1.170712
0.621197 -1.109414
2.529157 -2.618968
3.729368 -0.537771
1.169897 3.162570
1.638747 2.856792
0.438284 0.957752
0.719912 0.474844
3.448395 1.270430
2.493888 1.737903
4.046116 -1.765942
2.350696 -1.802501
0.898055 -1.535840
1.865824 2.331174
2.656885 3.239229
2.517707 1.795411
0.159588 1.457855
4.245699 0.235900
5.870692 -0.674404
7.516223 -3.021006
3.283726 -0.101961
-0.017471 0.142423
1.065506 0.538649
3.788571 -0.443250
2.540403 -1.247666
2.123102 -1.099077
0.554550 0.657886
0.120392 1.490455
0.793183 1.697603
6.399260 0.122745
4.706688 0.222693
0.221913 -0.821285
-0.922675 1.272833
1.107928 1.341648
2.452390 1.214418
3.467167 3.249087
2.833159 0.028941
1.958422 -0.731592
2.624575 -0.264717
2.137311 0.679996
1.348931 0.283519
2.722612 0.372032
4.449294 -1.101741
0.481393 -0.092871
-1.695719 0.034643
0.224022 0.890322
2.358494 1.970314
3.210021 3.701631
2.121038 1.020288
1.471676 0.441215
1.605520 1.110265
0.516393 -0.534409
1.170821 1.289404
1.637038 0.358844
1.075014 -0.799097
0.878911 1.447721
2.453319 1.527307
1.049450 3.089144
1.210977 -1.597333
3.987636 -0.653945
4.113901 0.606948
2.114289 1.207532
2.075765 0.679265
2.031395 -0.893145
2.797997 -1.808249
2.827758 -0.766036
2.933929 1.256059
4.551374 1.624679
5.206787 2.927007
3.250052 1.303708
1.090776 0.548995
0.854727 -0.752394
0.657641 -0.886777
3.397290 0.458490
2.181326 -2.106444
2.596978 -1.823685
-0.993120 -2.124325
0.819241 0.859672
2.614647 3.256074
0.086439 3.285791
0.260876 1.418897
4.305435 2.044917
5.639688 3.593234
2.830586 4.235356
1.257832 2.398471
0.750624 0.677079
1.264450 -1.334915
3.619664 0.661837
4.584873 5.008346
4.366602 7.058121
1.103401 3.784945
-2.582768 0.323050
-2.970790 2.311070
2.833926 3.979687
3.987947 4.338542
2.227814 1.133241
0.322412 0.955815
1.624388 0.890231
4.190143 1.055180
3.273378 2.137333
2.665919 2.391047
3.616828 6.154560
4.673443 5.786194
3.073695 1.863471
1.509738 1.135736
2.937430 3.451976
2.121978 2.028518
2.971689 0.805845
1.327949 0.201562
1.377403 0.288528
2.632645 1.269249
1.528138 2.538642
0.391749 3.676389
-0.850079 2.800501
3.232553 -0.082521
3.211980 1.611730
2.359967 4.171943
3.214532 2.380382
0.677655 1.139638
0.063512 2.152116
2.791869 4.269159
4.157578 2.532096
3.759656 -0.367027
3.180901 -0.272029
2.074605 2.619430
3.394922 2.335301
3.706570 2.687975
2.071768 0.439863
-2.981949 1.394486
0.308790 3.900049
3.480781 3.874307
3.371274 5.520010
2.621379 1.817752
0.005406 2.012272
0.657590 5.329066
0.396499 3.431647
2.395705 3.066643
4.318252 1.031700
4.929922 -0.784068
4.296105 3.631828
1.748373 5.103154
2.322208 2.273183
2.868918 -0.737985
3.357848 3.112004
2.267043 4.674552
4.630321 1.153259
3.254305 -1.110175
4.170286 2.242969
3.366192 2.976749
1.545885 3.344407
2.205961 5.850917
2.145379 4.683871
1.405709 2.790284
0.360197 2.229667
0.408724 -0.059460
2.723812 2.596672
5.155477 2.252055
5.099686 0.867110
5.029648 2.613109
0.533241 3.102511
-0.657160 3.316190
2.882177 2.308355
3.528677 0.901591
2.598949 3.296571
5.010147 4.043619
1.102180 4.678094
0.498024 4.818406
1.192811 3.126700
0.387789 1.041597
-1.244857 -1.367504
2.597178 0.321930
3.013846 1.396674
3.345705 4.145142
4.334488 2.086705
3.287838 1.687622
-0.701205 2.777728
2.014567 0.028057
0.208746 -0.212482
0.740480 1.131662
4.087583 0.379975
5.993867 1.339851
4.427464 2.099653
-0.257226 2.480422
-3.537271 0.868649
-2.063416 1.272419
2.744439 3.046348
2.743738 0.292321
1.835113 1.611199
2.291516 4.814233
1.907770 3.684957
-0.087248 2.759015
-0.149882 0.350791
-1.467633 -2.065467
-3.982141 -0.884498
2.743407 1.983006
2.585447 4.281499
0.858792 2.501493
-0.305202 1.684479
0.348052 0.870271
1.634113 2.458760
-0.726058 2.466320
-0.057689 6.372475
1.909142 2.867871
0.454882 -0.745537
-2.070444 0.560704
1.778421 0.081343
0.569779 2.526551
-1.102495 5.710383
-1.826777 6.257486
0.585659 1.946065
-0.511539 -1.947576
-0.635291 1.191810
2.699063 4.849725
1.314768 3.838219
-1.597567 0.633129
-1.121371 0.655819
0.202693 3.083441
2.041402 2.777220
0.802818 0.346443
-0.264063 0.986551
-0.799503 3.615610
1.074749 1.856224
-1.307697 4.287868
-1.603638 4.137790
-0.014410 2.565286
0.054272 2.029466
1.823377 2.100188
2.623896 3.115429
1.058872 2.292412
-1.705927 2.351499
-2.395081 0.040951
0.651345 1.185872
5.517001 5.083892
4.387799 2.928932
3.566881 -0.198149
2.297517 1.942459
1.270740 2.630327
1.817666 -0.252399
-0.600835 0.288648
2.028425 4.007879
4.740432 4.910772
-0.748091 5.905108
-3.953734 1.704104
-1.757906 1.221050
-0.489288 1.425248
1.820817 5.743173
2.261435 3.204652
0.413906 1.598734
-1.820212 1.522234
-0.213377 3.538875
0.048020 3.734310
-0.219066 0.442660
-0.169664 -2.762666
2.744514 1.276871
3.224761 1.590277
-1.836622 2.112703
-1.727028 3.124474
-0.007038 4.729549
-1.531196 6.773301
0.301586 3.497414
0.884391 1.126652
-1.162141 -0.535306
-1.128312 -1.245407
1.450553 2.237852
2.383222 2.089051
2.480631 0.068041
-0.860239 -1.664030
-2.368267 1.766504
-1.835670 6.079009
0.003245 2.989990
1.683069 0.221302
1.871854 -1.222406
0.182467 -0.132243
-0.029040 -0.749741
-0.367346 2.174644
0.604048 2.382185
0.577351 -0.741728
2.261070 0.984857
0.119031 0.692460
-0.368992 1.007726
-0.267453 1.967592
0.062913 -1.529539
0.428252 0.403320
0.549054 -1.390953
2.927259 -4.130442
2.144105 -3.174160
-3.088214 1.441221
-1.201525 1.216042
0.682637 1.237441
-1.701297 -1.399033
-1.355521 -3.646302
0.811492 -1.700911
-0.294643 2.121171
1.073932 2.598828
0.400251 1.872246
-0.213117 -2.117420
-2.501098 -4.140528
-2.233623 -2.089022
0.174726 2.486146
2.779956 3.789512
2.942398 -0.931681
-0.010723 0.154933
-0.297414 2.608589
-0.147615 -0.863870
-0.888716 -1.566146
0.853446 -1.865796
2.604847 -0.745484
2.590316 1.693070
-2.424308 1.268067
-5.928919 -1.033118
-2.084681 -5.782356
-0.536858 -5.197161
0.634639 0.344820
2.154823 3.049451
3.427627 3.959308
2.454574 1.698052
0.111604 -0.881444
-3.882653 -1.443927
-0.532793 0.483030
3.073063 0.905824
0.599610 -1.679718
-0.433808 0.170029
-0.197419 0.071954
-0.653534 0.623717
2.105775 -0.270966
0.916900 1.519015
1.677576 -0.293444
1.889839 1.566729
-1.040047 2.607526
-1.472465 -0.170196
0.805236 0.057205
0.953567 2.255765
-0.482969 4.120361
0.292763 1.377865
2.085521 -2.618874
0.922945 0.167147
-1.217718 4.821603
-0.245342 3.289606
1.229266 -2.589403
0.133513 -4.519443
-2.340420 -0.328812
-1.983047 1.982121
-0.540168 1.080283
-0.380675 -1.438449
1.313556 -1.167329
-0.750084 1.431811
-0.460413 3.827912
0.316083 3.010526
-2.451492 1.186647
-3.705268 -3.815710
-0.811539 0.829980
2.862545 3.581054
1.457936 4.099763
-0.904301 0.407751
-0.915977 0.195253
-0.480356 -1.553939
-0.553336 -1.324958
1.921538 1.854749
4.576950 4.938018
3.253287 0.277485
-0.924060 -0.148561
-1.240130 0.154104
-0.699307 2.654923
-0.268282 1.634058
0.747988 -1.144949
0.411929 -3.230605
-0.885828 -2.519583
-2.514130 2.436632
-3.457603 2.909681
-0.124501 -0.123690
1.860750 -1.870583
-1.047169 -0.913819
0.118759 1.199489
1.921339 -0.574621
0.759876 -2.875932
-2.458502 -4.356570
-2.672725 -2.243186
-1.664212 2.764010
0.472330 3.677428
0.917752 -0.256345
0.542156 -4.160981
0.630485 -1.811171
0.700305 1.414313
3.393674 0.203926
-0.377031 -0.775667
2.216606 0.383242
2.610907 0.981595
3.229743 -1.524600
3.126161 0.161458
4.301475 1.413684
2.550530 0.130169
2.115198 -3.634530
2.190084 -2.541089
0.697412 -0.482494
0.926058 0.482400
0.494030 1.133807
2.567577 2.601540
3.234948 1.578480
-1.232148 -1.501362
-1.061622 -1.714819
3.406542 -1.242238
1.547614 0.700540
-0.805672 3.587305
4.173439 1.764805
5.293261 0.982553
4.517059 -1.622520
0.327151 -0.981512
0.431230 0.314404
2.204032 -3.124717
6.361217 -2.801500
3.208735 -4.219591
0.358552 -2.523506
-0.681651 1.448684
-0.823881 3.422828
0.654710 -0.290468
1.985207 -3.140912
1.191798 0.201856
4.389555 1.584445
3.421496 2.577908
-0.065339 0.994146
1.602745 -1.344735
1.649743 -4.365839
-0.035516 -3.743866
0.699077 -0.172749
1.330715 2.361134
5.525620 -0.054551
5.541012 1.008341
1.363160 1.831156
-1.080657 1.230652
0.815586 0.265408
3.917620 -2.236220
4.033129 -2.660155
2.729615 2.375215
5.065867 1.686786
5.656301 -3.157977
-1.643393 1.043407
-1.810304 3.113854
0.340565 1.284502
2.372431 -0.869499
3.020203 -0.585720
1.824051 -0.853753
-1.787488 -1.578348
4.043447 -0.518720
2.196105 2.472494
-1.570787 2.041612
1.667142 0.150360
4.846424 1.357562
5.039789 1.933638
1.736578 1.022090
4.315372 -0.208344
2.702349 -0.731062
1.395032 -1.055284
1.215036 -1.865282
1.901960 -0.842307
3.436479 -1.664290
0.864855 0.327152
1.059428 2.296668
-1.148197 -1.762117
0.704507 -2.736092
4.918399 1.219916
5.860686 3.638854
4.988871 1.886930
3.666373 0.040894
2.001340 -2.276558
1.940413 -1.262472
2.898501 -1.404686
1.947079 -0.498770
-0.343156 -1.820946
1.283367 -1.695120
6.011197 -0.397214
4.105525 -0.434245
2.226659 -1.903478
-0.517295 0.059334
-0.070239 0.895817
3.187448 -0.069559
4.564738 -0.069515
3.943682 2.212071
-0.211478 0.353254
0.488623 2.540661
3.199418 1.869099
5.753514 -2.160395
4.821635 -1.517224
1.592416 0.082925
0.541491 4.043725
0.626882 5.565123
4.864229 2.064282
5.810316 1.301458
4.337001 1.021561
2.605168 3.245495
4.183092 4.786210
2.403298 4.610680
1.852515 1.319359
1.534122 1.871833
1.975282 4.154509
-0.281316 5.901127
-0.666228 4.329139
2.339873 1.977449
4.086881 -0.846301
3.762270 1.756391
4.226638 6.123281
1.332288 3.340215
4.523916 -0.606166
5.560394 -1.965907
3.385454 1.741259
0.669593 3.091444
1.383602 5.281895
2.478748 3.637594
3.694005 3.483689
3.694484 2.831855
2.821557 1.788430
3.514146 1.591939
2.988743 3.843185
1.303518 2.566013
1.078477 2.202565
2.962485 5.437142
2.689773 2.909603
2.214254 0.017900
2.382361 -1.683400
4.133305 0.440815
1.335034 2.397437
-0.910124 1.679905
2.792851 1.512273
1.893744 0.286472
3.333791 -0.703348
4.419521 1.379756
2.293616 4.956753
0.646177 5.535652
3.248371 5.040947
2.217590 1.185256
3.472509 3.717526
2.696375 3.391370
3.774714 2.743244
1.647777 1.360151
1.539406 1.498998
2.358562 -1.185403
3.537887 -0.527106
3.133160 3.579991
1.386374 2.868931
4.263837 5.634106
2.913489 2.246362
3.098693 0.523235
2.038057 0.776695
4.163268 2.050556
2.727632 3.715255
4.792289 2.762738
3.002770 1.765476
1.203122 1.982326
-1.923990 2.413759
0.901105 0.848544
1.687067 2.621685
1.642142 5.246287
1.867607 5.338430
-0.369992 2.590771
1.071533 1.197697
1.945393 -0.402062
5.438326 0.293513
4.053874 -0.330303
2.485149 1.721102
0.347652 3.837995
-2.471790 4.281685
0.295829 3.888849
2.548694 2.182717
4.291575 2.434389
8.408973 3.151778
6.357369 4.163447
-0.432997 2.580679
-1.442307 1.152745
2.381334 1.098482
4.149205 3.781308
4.137650 3.892530
1.539947 2.538045
1.565432 -1.791066
0.772689 2.185036
3.601999 5.251350
2.736566 3.881899
3.722187 -0.278080
4.258262 -1.469258
3.730010 2.185669
1.842355 1.808856
1.374642 3.951022
2.156711 4.348432
-1.508934 3.921125
-2.653407 1.035484
-1.320552 0.387699
0.354960 3.456157
0.342140 4.064969
0.561791 3.715549
-1.003621 3.222075
-2.439032 3.024423
-2.450082 0.945717
-1.956429 1.350467
-0.251045 2.682385
-0.613291 1.924161
0.561791 0.455399
0.204786 -2.425967
0.968195 3.801082
-2.678549 5.999033
-3.397653 4.078793
-1.823486 0.219383
-0.871472 0.453921
0.033951 3.328009
0.945416 3.261094
3.754006 2.371476
-0.136356 2.396838
-0.985222 1.787398
-0.506870 2.677026
-0.293253 4.355553
0.855213 6.531574
1.606901 3.364076
-0.434895 1.605743
-0.284940 0.618753
-0.696245 0.903365
-0.669651 1.224162
0.524094 4.416591
1.442667 6.338992
0.048113 3.970073
-0.405507 -0.577134
-0.021092 0.566892
-0.202493 5.045319
-1.112059 6.728174
-2.851477 2.193159
1.308774 -0.370180
1.830371 3.351661
2.439511 6.321844
1.990784 4.866475
-1.616030 3.927535
-0.585091 3.899838
0.498375 3.648566
-0.733397 -1.182287
0.509266 -0.767302
-0.946058 1.577740
-2.312834 2.163936
-3.741063 3.822096
-0.397733 3.007854
2.523503 1.739963
3.757070 0.980228
1.654800 2.552022
1.490514 1.367468
-0.561607 -3.424809
-1.096825 -1.043628
-0.975875 0.609522
-3.046511 3.754565
-0.372485 4.402965
2.329052 2.057469
0.853466 3.063766
-0.598593 1.671567
-1.898117 1.381458
-1.182972 -0.028330
-0.411016 2.189140
4.087899 4.530779
3.246500 3.306271
-3.255314 -1.308753
-1.773963 0.644023
0.319693 2.557656
0.290502 3.223366
0.715881 1.520417
0.887746 1.745414
0.996781 4.242054
0.232251 1.693626
0.884880 1.776180
0.935578 2.497623
-1.911236 1.258405
-4.041336 0.816283
-1.892248 2.891887
3.087581 2.240929
3.981632 4.240754
1.507274 5.678848
-2.321790 4.980585
1.455429 5.470311
0.944683 0.263339
1.164980 -1.198765
0.595908 4.267916
2.546879 6.531459
2.766681 6.420873
1.765541 2.203474
0.432184 -0.764043
0.229621 1.747160
2.267282 1.309274
-0.444601 0.900565
1.430771 -0.499833
-0.467563 1.333743
-1.321346 0.632321
-2.124245 -3.826800
-1.101309 -2.612202
-0.927428 2.605796
0.142698 4.333993
0.223170 0.615589
-2.460887 -3.140962
-0.679594 -3.206604
4.529285 0.046144
2.732190 0.156690
-0.658393 -2.079662
-2.943563 0.063226
-0.488782 1.570655
0.730712 1.582792
-0.020539 1.149866
-2.592772 -2.485101
-3.467262 -2.717836
-0.041596 0.042577
-2.112486 2.673251
-3.447327 0.637260
-0.776375 -1.395233
0.435447 0.060817
2.345866 -0.798753
2.430990 0.640132
0.014427 -0.064136
-1.723512 1.229617
-2.804251 -0.983355
-2.739116 -0.089406
-0.901506 0.930630
3.822283 0.079425
5.535034 -4.014700
3.197650 -1.245082
-1.089527 2.080409
0.254693 2.810390
-0.539805 -1.653309
-0.130561 -0.589423
-0.425483 0.190699
1.324408 1.828274
-0.503536 -0.929018
0.474439 -1.697677
-0.069841 0.835748
0.450948 0.576050
0.271464 2.426616
2.743878 -0.505589
0.940839 -0.482857
-0.046519 0.214474
-3.235910 -0.141980
-2.898757 1.011661
3.127716 1.861338
2.127663 0.067948
-1.878464 -1.802593
-2.696505 0.757969
-1.299713 2.552507
2.506170 0.426277
5.392198 -1.096825
0.830206 -2.288904
-2.199279 -0.245747
-3.059915 1.585120
1.417691 0.599907
1.021084 -1.754849
2.139736 -0.639401
0.989016 1.422550
-1.269434 0.717040
-6.953446 -0.812652
-4.746186 -1.069897
-0.522756 -1.031756
1.236593 -0.725321
-0.683670 2.261413
-1.302093 1.898104
-1.335604 -1.401236
-1.243288 -2.596842
-0.553298 -1.637472
0.480277 -1.342107
2.116153 2.036753
2.004379 0.593992
3.453305 -0.681782
0.822385 -1.466937
-0.798967 1.500628
-4.191250 1.366668
-4.693513 0.843390
-0.557112 2.271879
3.527233 1.381086
1.787011 -1.619243
-0.329161 -1.095159
-2.857663 1.091933
-3.687109 3.280815
-2.126510 0.246431
1.280858 -4.573346
-0.832876 -4.823058
-1.450868 -2.661926
-0.935469 1.160884
-1.191105 0.037887
0.974246 0.499264
-1.535221 -1.297599
0.790338 -1.720697
-1.794998 -0.967105
-1.052181 -2.515268
1.879621 -3.354037
0.671557 0.382956
-2.989622 2.080145
1.373202 -1.905512
5.311430 -2.294953
3.006358 -0.915022
2.289607 -1.652388
1.532413 0.265051
-0.138510 2.289073
0.462227 2.486593
0.978428 2.012291
0.678447 -1.227079
-1.547788 -1.814988
3.163549 -0.593460
5.301831 2.039854
3.771793 2.486708
1.719266 2.016286
2.377693 -0.640742
2.347522 -0.303279
4.239647 0.633304
4.170123 0.522051
3.795300 -0.006833
-1.268171 -0.567018
-0.165041 -0.992774
4.049028 -0.581274
2.288681 0.496845
3.674490 1.122572
2.883214 -0.910892
1.711516 -1.503694
-0.352022 -1.910076
3.969663 -0.385256
3.582630 1.956685
3.766008 2.568191
5.126979 3.773858
2.568568 0.342895
-1.424695 -1.685918
0.942131 -2.269600
3.368202 -0.931510
4.167472 0.304853
1.948989 3.418689
-0.227139 0.920386
3.630407 -0.526729
2.876357 0.839480
1.107475 -0.364563
2.972069 -1.188647
5.491926 -0.651764
1.587647 1.477897
-1.680480 -0.220833
2.369643 -0.745749
4.599311 1.090023
2.564224 3.034065
0.513610 3.255936
1.436645 0.171220
3.618991 -0.971079
3.273453 0.496959
4.027690 0.244912
3.613546 -1.438280
1.220058 0.416878
3.434210 0.891917
5.046959 -0.130834
3.200188 0.153693
4.646091 -0.069110
3.446105 -0.186812
0.803534 -1.620033
0.488550 0.325334
2.597738 2.060652
5.542021 3.868914
1.276722 1.752950
0.130822 -2.786610
1.712218 -3.230367
3.262184 -1.322420
3.830717 1.670211
1.817267 -0.318438
-0.660142 -1.025445
0.383959 -0.567970
1.853580 2.000764
3.639344 3.014603
2.124964 0.529504
0.641071 -5.202295
0.085269 -0.339995
1.363939 2.648605
0.797043 0.128374
2.768367 -0.703382
2.815119 2.763449
1.745525 2.330989
0.663733 0.387001
1.438746 -1.984043
1.798941 -3.117086
2.371741 0.580059
4.262619 -0.172894
1.305460 -1.409850
2.233826 -0.156627
0.604864 2.246617
-0.782186 -0.202567
4.210656 -1.488374
5.288308 0.140082
2.276253 2.102075
1.214200 -1.184094
1.828865 -2.459456
0.453334 -3.027533
1.970700 -0.168677
-0.872421 -0.883533
4.199202 1.643459
5.177176 3.290899
3.741639 5.524030
1.508967 4.328838
1.399096 1.737433
1.223333 6.086319
2.232904 4.308811
6.565266 4.047272
6.981917 0.077760
3.259309 2.058664
-1.663532 3.963223
-0.805927 4.118846
1.460332 2.616094
3.176568 5.858555
3.438472 6.559953
3.830197 2.408326
1.926408 0.694972
4.349128 1.350679
4.686834 2.903211
0.929055 1.885732
-0.421677 0.182879
1.316152 1.384479
2.655786 4.621585
5.086090 6.083376
2.206685 2.915074
1.280232 3.356193
1.566200 1.402368
-0.040923 2.502502
4.568533 3.717385
6.349372 2.357697
1.636925 -0.337039
0.345787 2.666370
3.208690 6.822506
2.456498 4.799860
2.736954 1.573734
2.609454 0.737996
1.077672 1.210905
0.352181 2.211892
2.586809 1.713751
1.644665 0.636760
2.765755 1.152682
3.513532 1.795612
-0.365944 1.744734
0.159853 1.016683
2.042213 4.652105
3.844131 3.225239
6.003327 5.170081
5.846253 5.461659
3.411475 1.321261
1.917128 1.783799
1.731976 0.230399
2.509151 3.558470
1.852391 5.654095
-1.830876 2.531983
0.336685 -2.107660
3.486445 -0.959640
0.982058 1.673891
-1.752915 4.357461
-2.998353 2.731935
-2.435378 3.386863
0.540239 2.623456
5.465078 3.598428
3.604142 2.967383
-0.133875 2.345234
-0.641587 0.913938
1.185137 1.935132
5.537948 3.514740
5.169875 2.689327
3.563202 2.336473
3.442127 2.338991
6.373827 3.219821
3.983960 3.021635
0.213117 1.671032
-4.146569 2.695618
-1.336873 2.050761
2.484405 4.076074
4.219125 0.404239
4.859764 4.306549
5.073539 4.341043
3.999914 2.319654
3.578568 3.191532
0.656003 5.433423
-1.075779 2.013937
2.016773 0.410530
3.849226 -0.832352
2.344114 1.824109
2.159809 5.261508
3.190638 5.925902
1.560837 4.541887
-1.280771 0.939064
-0.938107 -1.268440
2.584261 -0.298674
2.376331 3.128658
4.382742 4.758377
4.156346 2.771541
3.704756 1.803822
1.174921 2.592240
-1.287555 3.536770
-0.065852 0.455652
1.261682 -2.709109
5.759020 -2.775115
2.399156 1.430707
-2.132335 5.920626
-0.594653 3.945513
0.385304 -0.326094
-0.035661 0.798046
-1.272616 3.400317
1.072049 6.107379
0.282095 5.576295
-1.268050 3.254136
0.404574 1.060317
-0.363673 -1.660140
-1.958731 -0.435415
-4.583858 2.780576
-4.656146 4.440867
0.431141 2.660559
2.790379 1.605858
-0.483975 -0.340265
-3.416837 -0.401788
-3.193392 5.202274
1.858431 5.008469
1.228576 2.470574
-1.971893 1.112266
-0.580511 1.056131
-1.412818 3.757409
-2.388649 5.267883
-1.897794 1.488094
0.160233 -1.194773
0.234222 -1.238488
1.673306 3.020251
-0.615205 3.827769
-1.843884 2.517160
-0.232387 2.033593
-1.130868 2.472756
0.052102 5.157673
-0.169959 -0.648524
1.650030 -3.324734
0.017878 2.590504
-2.061858 4.659697
-2.080102 3.514028
-1.376177 -0.271541
-0.346368 -1.012306
0.024332 1.878334
1.052257 3.296749
-2.206015 3.714540
-4.175331 5.279647
-0.512510 7.976819
2.594203 6.200384
1.776017 -0.693449
-1.920534 -0.481384
0.419976 2.754280
3.384695 1.963241
0.470901 4.186452
-2.017053 3.297923
2.151932 2.791949
0.818389 1.204856
-0.862468 0.886930
-0.973724 2.219272
1.951425 2.755951
0.495718 3.935208
-1.598230 3.254256
-1.956243 3.816393
-0.330403 3.015242
-0.569984 1.615051
-0.960933 2.442110
-3.923483 3.052686
-2.093397 2.332528
1.204485 4.123546
1.851428 2.075399
1.450104 0.815706
1.296907 0.584414
1.661023 2.439460
-2.790584 1.666234
-2.958852 1.751508
-2.299660 4.278830
-0.808209 5.057107
1.908135 3.906627
3.120661 2.275480
1.811773 2.301485
-2.057624 2.191697
-1.213180 1.585124
0.186133 1.284880
0.929501 2.369947
1.225173 3.890010
0.233528 1.257099
0.539027 1.294994
-2.249277 3.295739
0.331858 2.371525
-0.063602 2.065472
-0.448474 0.918629
1.465918 -0.509959
1.326641 1.325172
-1.598844 4.212213
-0.030279 4.959835
-0.206228 0.077076
-0.754979 -0.947646
-1.398708 3.886242
0.386142 6.323243
0.643553 3.190439
1.875715 -0.549514
1.606974 -0.353865
0.374419 -0.765065
2.017604 1.706144
-0.356809 2.837775
-2.400895 1.769573
-2.028291 1.110822
0.658737 0.046507
1.050466 -2.062804
-1.019353 -0.545874
-2.860648 2.188845
-2.443675 0.509215
-1.004934 0.708896
0.423766 0.208575
-0.358246 0.769821
1.080331 -0.842972
-1.022104 -1.126893
-4.283852 -3.130611
-4.357497 -0.698939
0.584727 0.373087
3.077616 0.384493
1.728067 1.598479
-0.607333 -2.152984
-0.854710 -0.691188
-0.176579 -0.764008
0.630238 0.462429
2.835554 2.527467
4.171833 0.824858
1.822388 -4.262962
-2.250185 -1.412833
-2.654332 1.958693
-0.403971 2.725590
0.151755 0.200170
0.916124 -0.731537
2.548297 -0.690758
0.899677 0.589068
-2.331859 0.107175
-0.859509 0.627943
0.254750 -0.316201
0.651909 -1.125439
0.784493 -3.581730
2.109725 -2.647222
0.772693 -1.629640
-0.126429 -1.489310
0.138517 0.594226
-0.653125 0.132685
0.864667 0.742946
1.619491 3.677718
1.341097 -1.182948
0.223046 -0.377397
1.016148 0.953404
0.748509 2.127960
1.793761 0.300130
-0.428637 -0.386515
0.554133 -1.108466
1.329650 0.586227
2.637512 2.773938
2.099550 -0.492306
0.132275 -1.861477
-2.269711 0.462536
-1.317330 0.198921
2.962513 -0.315030
0.013060 -0.621126
-4.001251 -1.206638
-3.698894 -2.888814
1.608364 -3.395128
0.548299 -3.630223
-0.322385 -0.290849
-0.134889 1.569442
-3.434273 0.330663
-2.167679 -0.082648
0.631414 0.935216
2.945195 1.642988
1.399573 0.117246
0.875778 0.003027
-1.523001 -2.567905
-5.589350 -0.264311
-2.263645 0.821700
2.940212 -0.645941
0.775176 -1.543815
1.603050 -4.284393
0.075628 -3.252302
-1.879119 -1.985258
-1.128591 0.707094
1.916861 2.649523
3.153888 4.142424
1.621618 0.409795
2.760631 -1.391477
0.572074 -0.142883
-2.251733 0.947135
-2.447181 -1.400734
-2.427516 -0.426744
-0.358326 1.178084
-0.088593 -0.691763
-5.322474 -1.407347
-3.062158 -0.318814
2.759442 1.586812
1.656641 -0.126064
0.277039 -1.761691
-2.815553 0.140285
-4.340295 3.027047
-2.494581 0.894570
1.023366 -2.214368
4.598678 -0.194627
2.744693 1.811200
-0.121947 -0.140985
1.687869 -2.741515
4.577842 -1.532887
4.916605 1.650273
2.886655 2.731533
2.931767 -0.323135
1.933546 -0.494992
1.831680 2.312514
0.025764 0.350748
-1.730398 -1.905317
0.152075 -3.326979
0.611685 -0.193877
2.699887 2.099667
0.890489 -0.515768
0.712275 -3.601049
0.220745 -0.962336
1.022343 0.024851
4.888053 -0.763330
5.250300 -0.823243
4.106727 1.173289
3.172807 0.004299
1.314782 1.505996
2.107964 -0.814902
2.181495 -2.667858
1.657334 -1.709711
1.039112 -2.253128
1.007216 2.412917
3.777814 4.953740
4.739572 3.894800
4.040257 -0.051404
2.239976 -3.976240
1.149255 -1.536876
2.532930 2.322296
4.183026 4.229791
3.490680 0.311991
0.714415 -3.650135
2.169405 -1.600292
3.641634 4.038237
1.333885 4.660063
0.121898 4.276686
0.901759 -1.849790
0.805374 -3.902781
1.500372 -1.611576
1.675770 -0.835369
3.287395 1.630628
4.904385 0.482819
2.801953 -2.124260
0.648399 -2.299972
0.958916 -1.171174
4.469646 -1.203365
8.466170 -0.587569
5.810088 0.969498
0.727333 2.425113
1.734842 2.768716
3.881788 1.519323
5.624999 0.002957
2.850872 -1.497017
-1.183803 -0.140327
-3.359952 2.151841
-1.249378 4.819192
2.029763 1.788094
3.119237 -1.921682
3.524939 -1.558999
-0.574381 1.135661
-0.984973 3.617504
0.249768 -0.154268
1.091431 -0.418609
1.962763 0.594788
3.226434 3.499715
2.239225 -0.218165
3.232186 -0.508271
0.794109 1.861310
-0.776713 0.308109
0.854389 0.258433
2.259209 -0.941174
1.683632 -1.018347
2.313893 0.944226
3.551994 3.506523
2.126879 2.922167
1.798356 3.433146
1.744843 0.725538
0.471363 -1.628358
1.416754 -1.068285
1.995671 -2.160569
2.191969 -1.831652
2.975771 0.161312
1.743212 2.212068
-0.413932 3.981058
0.026550 0.344029
3.962131 -0.804329
2.495438 -1.132299
3.497289 -0.573949
0.554642 1.912318
2.083773 1.386919
3.483221 1.790398
3.598914 2.036110
3.844456 -0.358131
1.248975 1.166895
1.479964 5.280426
4.180031 4.063832
4.422435 2.016009
4.961988 0.940486
2.992220 0.919248
-1.158204 4.175355
1.845491 4.851396
3.610574 3.449946
3.064736 1.361636
1.618611 -0.210577
-0.367823 2.484597
2.579202 4.589433
4.497619 0.566057
1.777111 -0.021214
-1.924410 1.706217
2.134514 3.874207
5.671564 -0.057402
6.063707 -1.616292
4.183359 1.205200
2.596398 2.700511
0.994069 1.338674
2.310430 1.051979
1.796129 -1.200255
2.047309 1.352250
1.230518 1.780518
4.048414 3.563420
4.518361 4.191726
3.589967 4.253223
4.730871 2.817334
1.245129 0.063222
0.078042 0.768977
1.035509 4.525923
1.654519 5.278946
0.343926 3.284794
3.679704 0.001899
1.621238 1.457026
2.283862 0.746878
1.924762 3.405772
1.550330 1.468069
0.759750 -0.044735
4.477869 2.507126
1.697127 2.653792
1.425922 2.306056
2.865849 0.304472
4.580150 6.508052
2.338757 5.827762
0.615117 1.001562
2.453008 0.865075
3.742659 0.917864
3.003490 3.795916
3.065306 3.747009
4.310911 1.788145
4.213860 1.155569
4.185106 1.103726
1.171110 3.541735
1.484298 4.713982
1.269154 1.400350
-1.096491 2.342982
3.178112 3.110755
5.883280 3.777479
1.824833 2.613774
2.193963 2.373467
2.495830 1.143650
3.242385 1.262421
4.313758 2.139807
3.696383 2.325367
3.623203 0.865279
2.151710 -0.162712
-1.129753 2.287120
0.007659 5.549656
2.333734 5.401095
3.587690 2.086952
1.438823 2.555197
1.920222 0.816998
1.626640 2.569842
-1.031772 1.255024
0.640592 2.136247
1.654262 3.288281
3.612494 2.142477
4.379668 3.436564
1.512607 0.711686
-0.752402 1.447614
-2.629054 4.209178
-1.477918 1.301946
3.606178 1.302484
4.989387 1.313939
0.242884 0.436177
-3.702262 1.560920
2.266479 3.475671
4.672362 4.786626
2.684571 1.917696
1.804684 2.038006
2.425097 1.308835
2.944492 3.872364
1.789587 4.171881
3.402493 1.859798
0.580516 1.564532
-2.480884 1.237669
-1.549642 1.705758
0.072760 3.912915
1.699641 3.939784
0.502370 3.223677
-2.710515 1.828616
-3.096809 -0.769664
-1.503171 -1.516512
3.929602 2.274118
1.186689 6.863613
-3.721247 1.797414
-4.297808 0.860031
-0.626329 2.529220
4.594088 5.086230
2.051576 4.575282
-0.003577 0.936920
1.919784 -1.805649
0.712070 -0.903380
-1.746685 2.591358
-3.794320 4.845063
-1.100899 4.336808
-0.720963 2.782722
-1.938871 1.596906
-1.729102 -1.864996
-3.487433 -1.663343
0.322323 3.655156
0.693580 3.943273
1.630922 1.330680
3.460418 2.649052
0.032943 2.305981
-1.771565 0.090073
0.149300 0.337014
-0.887809 2.183276
-0.714074 1.580898
-2.658307 3.264541
-3.492218 2.405722
-1.439857 2.327869
2.324619 0.897860
2.356866 4.384523
1.543087 7.129062
-2.612202 2.856146
-2.958130 -2.054636
-1.070513 -1.724633
1.032864 1.906028
2.598461 3.048470
1.349675 1.196557
-0.350947 -0.182380
-0.917789 2.364865
-0.575554 2.863649
2.147833 -1.091615
0.372790 0.624076
0.638626 4.806314
4.497393 6.720228
4.075335 4.057257
-1.000515 0.017026
-1.861713 1.173348
-3.970567 0.938902
-0.120439 1.823914
0.521167 4.199351
-1.692543 3.305704
-0.153769 0.662353
-0.189292 -1.570687
-0.044559 0.247912
-1.449937 2.761512
-0.161846 6.008409
0.403163 4.888320
-0.807216 -2.839577
-3.063282 -2.131012
-0.657969 0.067404
1.465298 1.127179
1.846531 4.327325
1.298175 3.151247
-2.782485 -0.119395
-4.585923 3.024205
0.253735 2.986908
5.988764 0.806734
4.645407 -0.994138
1.879650 0.616266
-2.494848 1.726380
-4.260481 3.009359
-1.575394 1.923779
1.332545 1.492042
0.105682 1.742168
0.727080 2.632820
1.736300 3.378353
1.177901 0.199936
-2.118717 0.406256
-1.437340 1.541096
2.710244 1.385134
2.178405 0.408802
0.843742 -0.080021
0.929814 0.008110
-2.749660 -0.269050
-2.228895 2.339072
-2.719629 6.514240
0.689006 9.251739
3.488450 1.466593
3.784253 -2.200110
3.669086 0.118791
0.581674 3.720357
-1.745756 2.921447
-1.999314 -1.908413
0.454383 -2.559241
2.407283 2.700622
1.063872 3.745248
-0.827494 1.189087
-4.730278 -4.564878
-2.822911 -3.181788
0.072047 -1.503266
0.974346 2.649173
-3.962263 -1.707987
-2.875856 -3.432524
-0.118636 -3.686890
-1.138626 0.391649
-0.399747 1.532296
1.899054 -0.170174
1.257760 -3.259785
-0.890262 -3.886971
2.219589 0.996288
1.202045 3.265443
0.849724 -1.228781
-0.456103 -4.533111
0.060353 -2.689816
-2.332017 1.180989
-1.389359 3.504042
0.315369 4.125743
-0.324734 0.864115
1.292374 1.367093
0.104665 -2.074159
-0.625716 -0.568578
-1.024977 -3.119899
1.053034 -3.615679
0.423973 0.046318
-0.382645 2.228578
1.323232 0.790991
1.502052 -1.128199
-0.928255 -0.419478
-1.268163 1.863579
-3.550714 -0.746607
1.533018 -3.790286
2.339227 -2.946020
0.857579 2.058409
-0.251849 4.023012
-4.481327 0.554354
-1.103468 2.460437
1.802358 0.858593
1.295143 0.105875
-2.869541 -0.030957
-4.941005 -1.176898
-1.306797 -1.322060
-0.137394 -1.311161
-3.651984 0.525068
-1.571244 1.412371
1.263012 -0.311672
0.010201 -1.034336
3.815086 2.192839
3.180152 -0.638495
-3.175506 -5.225368
-4.166252 -2.963505
-2.791536 -0.878313
1.049192 0.478156
1.307108 2.759007
0.315569 3.420222
-0.918663 -1.720667
-2.385571 -0.874012
-0.716677 2.671613
-2.472242 2.868778
1.479332 1.322186
-0.258089 1.087468
1.602344 1.015369
1.808760 2.409027
-1.772478 2.001844
-2.424865 -1.278083
-3.234880 -3.396192
-2.203948 -2.865802
0.563271 -0.729223
0.622994 -0.540469
1.414222 -1.072250
0.278981 -1.934103
0.081795 -4.399900
-0.497934 -0.892284
3.878200 0.557514
-0.298539 1.218412
1.157350 0.780540
3.391366 0.987474
-0.865678 0.009096
-3.703212 0.310551
-4.558020 -2.381658
-1.605411 -1.984630
3.425872 -2.015720
1.596349 2.037860
-0.480254 1.953017
-2.175200 1.439703
-3.212506 2.539525
-4.115511 0.136067
-0.510478 -1.158046
0.110072 -3.392117
1.273741 -2.047405
2.210905 -3.086474
-0.031454 -0.391735
-2.314768 -1.722165
0.788644 1.200112
1.785918 1.459465
1.572039 -1.891496
4.432440 -4.797948
4.191230 1.474233
2.895086 7.744474
5.853780 7.136425
6.116340 0.916104
2.965038 -4.898885
2.838312 -2.440666
1.786847 3.552877
1.450987 2.171631
2.251143 1.601996
1.581195 -0.648341
-0.006709 -1.012427
1.952927 -3.131036
2.905728 -0.650105
1.640247 3.563286
2.070724 3.129185
3.373949 0.912958
4.934506 -0.914236
6.535758 -0.836347
3.332162 1.130492
2.523019 -0.501426
1.617676 -0.193872
-0.908343 -0.010150
3.401293 -2.748481
5.045807 -0.171083
4.317345 2.246693
0.848509 2.995449
0.545399 0.622612
2.971151 -2.829440
-0.247659 -3.003581
-0.589562 -0.193501
1.679183 1.001969
1.951520 0.141448
1.840513 -1.803842
3.071383 -0.486253
2.572950 -1.434892
3.797534 0.694271
3.615048 -0.505631
-0.279569 1.802412
-0.182464 0.535006
2.088966 -2.010445
2.797352 -1.199966
2.239596 1.124329
2.841981 2.697779
4.576499 0.223421
2.026102 -0.874895
-0.112198 0.298976
2.986023 1.884565
4.038037 3.641089
4.056772 2.531822
4.619423 -0.320390
0.287302 -0.694628
-0.495462 -1.885920
3.911961 1.401248
2.893849 4.988812
1.708523 1.364117
0.453619 -2.000446
0.755253 -2.090076
4.675142 -0.446313
4.878100 0.753066
1.700416 -0.000458
-2.874893 -0.322297
0.405160 3.631449
4.200357 1.767769
5.000864 -1.342880
3.386437 -4.130880
2.832230 -4.298682
1.424347 -1.645429
4.389982 1.044217
3.962109 -0.243986
2.399974 -1.442007
2.330159 -0.395863
3.314287 3.865147
-0.485522 0.720954
-0.584316 0.154021
1.336035 3.482483
4.533717 4.114916
6.119005 -0.986239
0.542675 -3.262678
0.725731 -3.171777
0.154212 2.491704
-0.558977 1.386660
2.074533 -2.911433
3.212525 -0.255351
1.895486 2.473896
2.411319 -0.250404
3.135649 0.479382
2.940390 -1.528877
1.769683 -0.199741
0.824994 -1.031836
-2.015214 0.885888
1.729786 0.425541
4.145532 0.413242
2.857073 0.036747
2.994097 -0.456417
1.098250 1.776619
3.100023 1.121205
2.229728 -0.739070
-0.742084 1.713494
2.678712 8.106196
4.736659 7.698717
1.126302 2.781377
-1.014734 2.347813
1.358745 3.146187
3.647201 3.296127
2.597147 3.935237
1.136465 3.701935
3.496219 1.741568
4.639559 3.702718
4.089485 4.764124
4.316099 3.649099
2.263094 3.169413
0.359035 1.857852
-0.872225 0.879060
3.593367 -0.254349
4.307905 1.057655
3.866950 5.555825
3.561153 3.445293
2.446208 1.795500
1.754777 2.735141
0.852664 1.162617
0.199652 0.245604
1.398600 -1.577435
3.426326 1.372462
6.311470 2.935375
5.927369 4.871079
2.602886 4.759649
0.328322 1.828038
2.017470 1.193464
2.678760 -0.267129
3.511121 0.888260
1.842988 4.388642
0.649751 4.444021
-0.073903 1.780800
-0.404159 -1.339217
2.848371 -0.004862
4.264163 4.415211
-0.084215 4.562912
0.270570 2.646442
3.751917 0.828290
3.771672 2.928542
1.963313 3.333497
1.629693 3.564675
1.857923 3.497327
1.254907 1.286010
2.318574 2.924174
0.735798 4.465913
3.705139 2.168924
3.926022 1.372467
1.794503 -1.422432
1.444204 1.128566
0.872190 1.200925
1.744602 2.654051
4.816155 3.703415
5.667744 3.033493
-0.707923 3.380775
-1.263975 3.801270
2.049987 0.608207
0.845561 3.477525
2.614850 3.076971
1.162920 2.000953
1.122171 1.950105
4.986516 5.224397
2.637001 4.545814
-2.104207 2.368973
-1.262331 -0.536032
2.937605 -1.134257
3.665229 1.774792
0.583494 1.779117
1.362923 1.102704
0.312781 2.585704
1.151648 3.886889
3.292887 2.436185
6.108640 2.913503
5.956656 1.998640
2.014696 2.530083
2.141310 0.351612
0.668173 1.353835
2.359898 3.090452
2.689376 4.064284
0.491951 4.860614
3.477750 4.037720
3.865094 1.730501
3.930761 2.077079
0.775765 1.663142
2.490183 1.103430
-0.012376 -1.479067
-0.188632 1.603431
-0.121448 5.122118
1.763053 3.748834
2.863176 1.682631
3.589446 -1.733598
5.546054 -0.611078
6.067061 3.701188
3.585157 4.957545
2.187992 1.681521
1.908351 -0.710367
3.691522 0.914963
1.750826 0.138440
-0.384483 1.699915
-2.309045 2.518679
-2.925511 2.524974
-0.486426 1.603291
2.011290 0.385612
1.106333 0.578685
1.295870 5.095415
-0.309280 3.964640
-1.733144 3.688736
0.303689 1.449052
2.143637 -0.630557
5.367769 -0.753130
1.793070 3.663146
-3.410796 3.413538
-4.594966 2.826635
-0.637331 2.891552
2.347410 1.118465
4.251138 2.463844
1.874567 3.930898
-2.172791 1.540857
-4.923756 1.750339
-2.257511 7.396319
0.391366 4.369923
1.080621 0.742330
-1.925542 1.795478
-1.026858 2.890833
0.895640 4.375621
0.195723 2.252570
-1.622399 3.301436
0.580636 2.131981
1.409742 0.041746
-1.896043 1.661164
-1.131607 0.745638
-0.683864 2.370468
-2.048188 4.431287
-2.412303 -1.545192
-0.055631 0.114086
0.914944 1.813010
0.282688 1.949306
1.262774 4.093790
3.077565 3.295447
2.783503 1.486083
3.485462 0.758457
-1.292634 0.311745
-3.734195 1.878746
-0.962147 5.456802
-0.176661 4.310452
-0.127682 3.350827
0.106530 5.460962
-0.977709 4.371013
-1.969976 2.847511
-0.311561 0.829228
0.674615 0.040030
1.810185 1.779872
1.276285 6.765450
3.357385 5.219224
2.373764 1.471059
1.561211 -0.464874
-2.344326 -0.838617
-2.887996 -0.165176
1.970520 4.494214
-1.353070 3.589317
-2.671415 2.110260
0.559208 6.101659
1.878774 4.183004
0.247359 1.565864
-1.922426 -1.204461
-0.824485 -1.269395
0.146832 5.300511
-2.540261 4.340269
1.499917 0.936337
-0.366698 2.657599
0.919367 4.727908
-2.892015 2.817844
-2.495692 2.282728
-0.276880 0.956344
1.186490 0.506589
2.342007 -1.506230
-0.876116 -0.747184
0.475814 3.391601
0.179974 3.219884
-1.118522 2.837458
-1.774430 2.652673
-0.767480 2.105217
1.181822 1.430862
-0.316042 2.317769
-1.257263 1.140942
-1.775968 0.777740
-1.531375 -3.573262
-0.683014 3.180562
2.409335 3.076112
1.936783 4.064056
-0.035588 4.402553
-0.351387 1.536778
1.532630 1.487656
1.148549 3.323633
-0.178577 3.079756
-1.318397 2.240771
-0.376977 1.866096
-0.004581 -0.326277
-0.903544 -1.622992
-1.681156 -0.451697
1.104537 1.411242
1.486273 0.696911
1.143317 -0.100631
1.019127 -0.960607
1.192985 -2.552607
0.796990 -0.927292
-3.382781 1.269281
-2.311344 1.653075
-1.034008 1.005170
1.612890 1.586980
2.218270 -0.121001
-1.200040 0.223907
-0.345451 -2.625664
0.526060 -0.309044
2.756322 -0.587552
2.409948 -1.305327
1.081047 -1.351000
-1.550800 -1.128998
-1.074923 -0.630739
-1.057570 1.389193
-0.515194 2.518859
0.342332 1.442653
0.547697 0.412148
-0.754842 -1.437742
-1.260834 -0.442452
-1.292044 1.312722
1.285143 3.183738
0.253702 1.210879
0.924233 0.156663
-0.979548 -0.099824
-0.147001 -0.459648
1.216908 -0.863434
-1.335417 -1.759715
-1.695863 0.538954
-1.697646 0.622131
-1.943218 1.353435
0.254210 -1.187932
-0.225436 -0.180332
-1.900763 0.598510
-0.321379 1.307798
-1.074838 -0.486968
0.813375 -2.522939
3.510993 0.698570
1.722586 0.230756
-2.627662 1.242044
-0.322194 2.363167
1.598130 3.145992
0.473448 0.037787
0.602145 -1.709175
1.187420 -1.574903
0.133604 0.808995
-0.130289 -0.113221
-1.717334 -0.741532
-2.522276 -3.310126
-1.416628 -2.287244
-1.212754 0.459492
1.619302 2.965083
2.571609 2.851499
-0.691449 1.956403
-0.972705 -0.204107
-2.874325 -0.653696
1.461774 0.891441
3.369096 1.833309
2.600203 -0.381723
-0.948685 -0.088443
-1.801162 -0.219549
0.942650 -0.060739
-1.140561 -2.341882
-0.844753 2.068619
-0.606100 3.446142
-0.455270 2.272904
-1.326549 -2.812217
-2.082804 -2.758496
-0.720379 0.571131
0.870502 0.276919
1.734382 3.191037
1.368697 1.401106
1.495180 -2.420341
2.741220 -2.540095
2.666417 2.250981
0.300027 2.238572
1.713811 0.078099
0.675400 -1.632125
0.379698 -1.962432
0.622829 -1.165235
-0.516168 0.776573
-1.517553 0.112575
-1.173052 -1.711191
0.824153 1.757462
2.333902 2.688675
1.820707 -1.981347
-2.568517 -3.703925
-0.478091 -2.612887
0.300319 2.912383
-0.373354 2.778589
-0.009229 0.105882
1.134990 -2.294751
3.276906 -1.118494
4.464206 0.133891
4.451513 -2.714135
1.738801 -2.984659
0.287348 -1.634879
2.312121 2.898444
1.975768 2.344374
1.363863 -0.799689
2.809582 -2.118876
1.998379 0.838549
2.614192 2.991511
3.134029 2.398330
3.229156 1.173970
1.879109 1.725306
-1.724598 0.524529
0.718116 -1.526822
2.951163 1.010649
1.500436 3.505730
-1.131724 2.010137
2.029359 1.531965
4.459590 -1.461084
3.240018 -0.564679
-0.215281 4.671821
3.876108 7.529560
3.913848 1.986243
2.822208 -3.070670
0.830974 -2.387024
2.028048 -0.634285
5.753297 1.575335
4.084183 0.744289
0.174912 -1.353341
-1.915865 -1.482302
2.622520 0.062607
1.224753 -0.271042
1.802859 -1.613046
1.512533 -0.991302
4.133216 -0.557581
2.841867 0.521298
1.966204 -0.685586
3.465488 0.440270
3.974549 4.346075
4.055900 4.698135
3.360055 -0.084041
2.521935 -2.825890
2.002226 -2.224624
0.442891 -1.865159
0.593204 1.696338
4.151425 2.619710
4.473747 -0.482223
4.279140 -0.778654
3.511011 -1.090507
-0.381612 -0.673340
3.900484 3.104905
4.498847 2.094660
0.452335 -0.103315
0.315561 -0.859026
3.324475 2.182216
0.838305 -0.720026
3.861569 -1.587916
5.279243 -1.807495
4.015730 0.115961
5.690224 -1.756248
3.129953 -1.032550
0.808114 -0.980863
0.325578 -0.624884
1.416502 -0.100482
2.551856 -0.843242
2.895326 -0.835279
4.401090 -0.803792
6.051276 2.013789
6.524721 1.162973
3.809575 -1.462980
2.012094 -0.131486
-1.269870 0.027402
1.333385 -0.755925
1.494144 -0.540421
3.522302 -0.830701
-0.642127 -0.964821
-1.370803 0.023460
-0.262230 0.066141
2.901316 1.734360
4.064436 1.176080
1.901736 0.847465
-1.369164 -0.488018
0.105849 2.524524
4.758465 1.218409
6.121484 1.641575
0.904104 -2.775267
0.541952 -3.986617
3.934340 -0.609709
3.749132 -1.304673
3.886293 -5.792149
0.909588 -3.146339
1.221374 1.295739
3.879851 3.456312
1.579288 3.564746
2.427956 -1.019812
3.289280 -2.911997
3.487867 0.377003
3.075085 2.709682
0.221992 4.209347
-1.186299 3.835529
0.572673 0.895938
3.271045 -0.399340
2.800328 -1.705454
1.698809 0.756577
-0.274361 4.957681
1.386315 4.601708
4.769145 0.541409
4.578521 -2.539612
-0.040596 -1.901808
2.928073 4.360335
1.940776 3.370796
3.227888 1.107706
2.813656 1.358280
0.849076 1.498161
3.180671 3.855556
1.254197 3.005237
1.807801 1.230970
1.840062 1.846444
-0.820100 1.465577
2.241984 -0.267039
3.710083 2.881339
3.435691 4.502291
2.359537 -1.360369
-0.210914 -3.154819
3.802980 -1.328024
7.191869 2.775185
4.672306 6.979260
1.995073 3.199663
0.289803 0.129700
0.410633 -0.391713
3.913744 4.104690
5.978244 3.172751
2.969752 2.920853
-0.280666 -0.613246
0.892571 0.048053
4.337623 2.650669
4.475652 4.203517
2.575003 3.110172
1.964008 3.977347
1.652406 2.351040
1.554854 0.025353
3.239964 3.048131
5.632732 7.091859
5.204060 6.942754
0.785873 2.200820
-1.312888 -0.015016
0.655363 -0.916370
2.284047 0.494169
2.566871 3.172962
1.074857 1.730985
0.509564 1.181498
2.352105 -2.593801
2.494450 1.412767
3.639048 3.883006
5.157063 4.633296
3.029278 1.300719
-0.726382 -0.280070
0.156454 3.057250
4.310437 5.666853
4.098695 0.873174
1.358416 -0.663763
-1.053877 -0.775940
1.818401 2.633950
0.787989 5.402699
2.071124 2.939605
3.879529 0.739683
3.033632 -0.394448
0.392777 2.717087
3.018606 2.887496
4.155745 -0.314985
2.709075 -1.218184
1.630845 1.114567
0.806849 3.008201
1.247368 2.489840
0.341467 2.791212
0.931647 2.702286
5.443578 0.234357
3.307226 0.980834
1.275381 2.352837
2.180857 4.362334
4.217953 4.833266
0.870719 3.057958
2.918230 3.601599
5.108566 1.992629
3.987712 2.504502
1.990071 2.957581
0.284910 3.434460
2.138286 4.147707
6.002204 1.396079
3.753287 -0.718232
0.151688 2.717191
0.043411 4.937506
3.385177 1.514019
7.564297 0.039979
2.615940 2.887096
0.640444 6.031297
-1.156260 2.193406
3.062096 2.810957
1.901094 2.538287
0.956075 0.154192
-1.784605 0.489529
-0.612960 2.435253
0.792078 1.502916
3.928716 0.190162
2.775427 -0.844365
1.072090 1.424792
-2.320909 0.305608
-3.411376 0.293718
-1.544257 4.723897
0.978526 4.709580
-2.183402 1.704470
-0.778988 1.284645
0.659490 2.375505
0.732110 4.523751
1.461580 0.812840
-0.870131 0.458372
-2.582188 1.829278
-2.579743 4.431880
0.113211 2.092336
4.562925 -0.750040
0.836116 -0.406635
-3.253443 0.330445
-1.867954 4.250425
2.337772 5.680200
1.448690 2.150295
0.095151 2.483954
-3.162225 4.110507
-0.118086 3.876220
2.674428 0.599224
0.280615 2.676669
-2.032937 5.046643
-2.469056 1.281394
-1.839593 0.467194
-1.459168 -1.125673
-1.672700 1.817075
-0.484638 3.291781
2.976016 3.793317
1.904212 1.016925
0.369023 3.644737
-1.469641 2.323454
0.709590 3.630701
2.446493 2.933153
-0.621029 -0.272196
-2.493951 2.351810
-2.395604 3.203982
-1.858463 2.245166
-1.570468 3.181018
1.161367 1.602924
2.289772 0.036464
1.504543 1.635750
0.004046 4.672421
-0.679178 3.651032
-0.212555 0.201889
2.480372 -2.664444
2.352133 0.768283
0.489301 3.477168
0.119301 0.554863
-1.168423 0.805477
-3.541365 2.421829
-0.181837 6.313032
3.779080 4.928579
2.277061 1.397822
-3.203812 -0.916441
-2.389379 2.203069
1.123039 3.532223
-0.150059 1.405196
0.183155 1.504739
2.348326 3.769159
2.843402 4.686054
-0.068871 1.656617
-3.314523 -0.238875
-3.516105 1.988776
-0.364880 4.766047
2.260083 2.847963
1.645361 2.909602
0.445429 1.239428
2.417517 3.061644
2.035769 4.969103
1.163440 2.516891
-2.208500 1.221699
-1.697412 3.106340
-1.193982 4.029589
-0.719900 4.221881
2.112274 -0.275025
1.640695 -0.932394
0.129712 2.316293
-1.545428 5.084593
-2.098551 5.511974
1.103205 4.318971
0.198540 2.142019
-1.044916 5.037416
0.114689 4.984236
1.516324 2.054723
0.063542 -2.458887
-2.000369 -0.289520
1.163898 2.760530
3.694749 5.382085
3.519287 2.898124
-0.977275 -0.941908
0.777392 -5.227760
1.413486 -0.188647
-1.264705 1.107749
1.209987 -2.654238
0.762286 -3.269402
3.472561 3.138897
2.409396 2.551426
-2.550344 1.327039
-2.913189 -0.279810
-1.826333 0.367753
2.224880 -3.827962
0.886894 -2.295610
-0.030792 1.274384
2.166435 4.268444
-1.438247 -0.029939
-3.037185 -7.179154
-0.921046 -1.596536
0.576200 2.802801
-1.298395 3.228970
-1.250778 -1.987390
-0.324007 -2.160797
-1.200295 -1.513838
2.167349 1.671456
2.053869 4.602907
-2.149460 -0.778861
-2.278434 -3.182907
-2.131024 -1.297012
1.338423 -0.850413
-0.861141 -1.088971
-1.257290 0.060447
1.343648 2.935633
0.095737 4.620835
-1.156710 -1.208963
2.181075 -2.922309
0.783093 0.485696
-2.764822 -0.786774
-1.329054 0.027447
-1.070809 -1.678046
0.532957 0.272866
1.443325 3.260607
0.369827 1.162264
1.438870 -1.627218
1.878484 -2.706387
-0.410723 -1.367202
0.021182 0.094091
2.068849 1.682661
1.453029 2.340190
-0.097537 -0.897702
-2.160756 -3.415236
0.640279 -3.868831
1.154738 2.119885
-1.748262 1.184653
0.638175 0.244939
0.313191 -2.186530
-1.681272 -0.462929
1.128127 -1.441818
0.162658 -2.523690
-4.150257 -0.625769
0.112399 0.977293
1.074281 0.595579
0.161756 1.101996
-0.767295 1.519696
-1.020254 3.282557
-0.018409 0.668383
-1.269523 0.152976
-0.950913 1.519724
0.891046 3.386333
0.641535 0.133645
0.233067 -0.662642
0.152853 -3.536779
-5.015799 -0.387842
-2.288089 2.297979
-0.417995 0.381274
-0.965248 -1.482229
-0.088202 -1.068199
-3.372128 1.061394
-1.925760 0.676904
1.850077 -0.142018
3.636833 -2.764058
1.751265 0.381376
3.699105 3.205531
0.604446 1.145556
-4.579058 -0.255443
-2.506564 1.720058
-0.710615 1.400697
5.104687 2.446218
5.388234 -0.265915
0.991283 -1.591655
-1.582471 1.388165
-0.953208 1.506785
2.290987 -1.816843
2.195745 -0.363218
-0.344355 0.701596
-1.339685 2.996879
0.362582 4.283645
3.441131 2.422087
3.261486 -2.302279
3.640579 -3.051631
0.889474 -1.066979
2.731873 0.352048
2.950480 0.372277
1.001691 -0.811674
1.853881 -0.392662
3.827858 2.098497
6.698678 3.853316
3.560683 3.021990
1.452643 -0.932564
-1.979563 -0.878485
0.827013 2.861052
3.373574 3.211104
3.394292 -2.480333
3.782040 -2.536603
4.552413 1.719391
1.764062 4.772067
2.506727 3.213415
5.963444 -0.588218
3.529951 -1.579821
2.528086 -1.900151
0.859201 -0.154530
1.191852 1.278066
3.240324 0.767355
3.466898 -0.059599
2.540792 0.257301
1.088013 -0.400870
1.460624 1.815954
4.851153 -1.121261
6.358189 0.879111
2.746304 2.268891
0.246118 1.888976
0.682065 -0.160921
3.520979 -1.713963
5.060197 2.080420
4.295763 1.254013
4.580012 0.165523
1.313846 1.691708
1.372673 0.427403
1.110382 -1.279774
2.854196 -2.023952
3.977837 1.822720
1.345968 2.980631
0.693536 -2.790179
0.362150 -3.382200
2.476288 -0.234234
1.618330 0.974912
1.640690 1.236503
4.115992 0.643114
1.080298 -2.179119
0.343912 -4.608972
2.267333 -0.469982
3.983014 -1.073882
3.892218 -0.436518
0.866338 -1.013714
-1.608737 -1.488902
0.551513 -3.996792
2.910403 -0.832373
2.954548 2.121084
2.865646 3.925202
5.270976 1.223844
4.924237 -0.726294
4.401054 -2.601064
6.316197 -0.047212
1.661094 0.138215
-1.527057 2.270270
-1.040010 0.448384
0.889840 -0.875182
2.892610 -2.375638
5.716320 0.146117
4.845215 2.203310
1.024330 3.124292
1.441664 0.814672
4.245811 -4.998619
4.273591 -4.825863
2.564477 -2.834459
0.060077 1.001646
1.567196 2.348910
2.249308 0.941344
1.907482 -1.518878
1.892428 -3.044108
1.990225 -2.191385
2.719253 0.353560
4.130130 3.479165
3.548222 0.155496
1.842260 -3.912623
0.392947 0.298946
1.431287 2.741648
1.847797 2.613483
2.248115 0.359936
3.484078 -1.531999
2.635802 -2.810131
2.785582 0.139731
2.911291 1.413294
2.517007 1.057089
2.372516 0.523806
0.938094 1.866999
0.934897 3.393982
3.913405 2.019165
1.729775 2.876151
2.374612 2.101961
0.581200 -2.479307
1.230187 -0.345370
0.281553 3.261706
2.447724 3.226168
1.628102 1.874479
4.812270 0.724159
4.510280 0.851043
3.885883 2.482985
2.306958 4.585609
2.932733 4.290589
4.643347 3.589959
4.335487 5.067637
0.383030 3.025045
-0.269007 0.461486
3.228372 1.699989
5.269105 2.603492
2.841482 3.078080
-0.157452 2.748196
1.480984 1.832866
-0.136826 3.503769
-0.065957 0.731891
6.999979 4.396911
6.488017 5.383166
1.977778 4.063572
-1.818426 3.112948
-1.844536 0.761835
-1.054036 -0.186910
0.265470 2.457860
1.572097 3.147239
2.090388 3.596301
0.808798 2.644068
0.998275 2.666657
2.793775 2.412217
1.677660 -0.042896
3.617826 0.923019
2.715450 1.996189
1.487192 0.131604
2.908060 -1.286570
2.699165 2.971583
2.424849 3.311271
5.557839 5.030899
3.706979 3.452744
-0.373994 2.276366
2.228017 1.301934
3.171268 1.040056
2.035355 3.079191
0.924046 4.152364
0.301381 4.234897
2.345331 5.135008
0.918604 3.188550
0.216233 1.268689
3.352128 1.340830
5.644511 -0.779339
2.089547 1.121542
-0.956034 2.334920
1.635729 2.063590
4.981997 0.314969
5.224961 3.740360
1.924725 5.870293
-1.184146 5.249014
1.667808 4.815524
1.355655 2.601474
0.589581 0.862172
3.762905 0.964005
3.165452 2.653730
-0.930129 3.318600
2.640796 3.630894
2.741275 1.765414
2.272450 -0.759020
2.660214 -0.334495
2.424695 4.113077
-0.775865 5.818956
-0.957629 3.345054
1.967875 0.387713
4.623953 2.443309
0.887695 3.849743
0.193140 1.824688
3.329567 3.855391
2.690165 4.105123
0.932394 2.621934
-0.858322 -0.027998
1.146474 1.764633
2.640183 2.692392
3.503083 4.063472
1.868874 5.053301
3.043864 3.953128
-1.028455 0.834590
0.016885 0.681384
2.078606 2.043999
4.226862 1.775474
2.564852 -0.016282
1.420562 3.475092
-0.901622 6.180929
4.496975 6.244666
8.763071 3.147416
6.069883 0.620209
0.213186 1.036184
-2.806429 2.273854
3.425543 5.199738
3.646516 4.012523
3.750670 0.971907
-1.441135 1.215150
-3.187157 2.236829
-1.429628 2.563074
4.507878 0.842060
4.678934 0.191909
-1.497881 1.016368
-1.954314 2.217973
0.431348 4.645629
0.454192 0.782078
-2.748033 -1.638962
-3.311888 -0.224968
-2.981504 2.290805
-0.207965 6.157205
0.819374 7.668147
-1.192069 1.376518
-0.375317 1.953030
3.107705 3.234961
2.921905 3.223935
0.839487 2.637750
-1.337826 0.582205
-1.928840 1.681058
-0.250481 1.111521
0.569165 4.216544
-0.364707 4.616207
0.672157 6.089576
1.088468 5.496864
1.388213 2.219896
0.818074 -1.863389
-0.240203 -0.067396
-0.330906 2.296015
-1.330273 5.160122
0.082841 0.848475
-0.556218 -1.923030
1.023948 1.438270
1.814486 3.302746
0.432227 2.456662
-0.868543 1.197847
-1.848127 3.337404
-2.578898 4.073111
-1.012190 1.295193
-0.899203 0.522790
-1.108068 2.980906
-0.814058 6.464311
-1.599101 3.109350
-0.898421 -1.345078
-0.187566 -0.452742
0.990641 4.668229
-0.202485 5.398108
-1.709834 1.792202
-1.300742 1.544130
-0.522812 2.338605
-2.602844 1.164962
-0.089762 1.818113
0.526165 2.231868
-0.510931 2.605318
-1.714879 1.424068
-1.160401 2.202979
0.540902 2.534044
-0.572812 1.727394
-0.954744 1.794176
-0.862392 3.025383
-1.094580 3.121518
-0.422015 -1.432599
2.093217 -0.501847
4.262006 3.536080
2.931782 1.524953
-1.856316 0.091159
-1.562165 2.164768
0.096430 2.751094
1.782062 0.950709
0.991878 2.849955
-1.541932 -0.208146
0.120520 1.456195
-2.182225 4.721462
-2.530272 2.876406
-0.501914 -1.929233
0.635273 3.477554
0.874911 4.384606
0.873199 3.330461
-1.485868 2.417890
-0.906262 2.991770
-0.466697 1.502889
-2.068383 2.134104
-5.559950 2.112714
-2.771372 -0.372403
0.166238 0.788951
0.853024 4.554905
3.946913 8.214024
2.364482 6.545581
2.695936 1.848737
2.331138 2.091199
-0.142726 3.161400
-2.489866 5.570698
-1.368023 4.333238
-0.499055 1.166326
1.691023 -2.514261
1.450157 -0.885269
1.656682 2.437598
-0.655791 5.561190
-1.732072 3.515510
2.646597 -0.191372
2.152056 -0.669666
0.022289 0.821877
0.064640 3.201325
0.439880 3.108311
2.241450 -1.418718
1.887891 -2.408699
-0.228220 1.396538
0.139068 2.490757
-0.685722 1.512890
0.464852 1.228420
1.554270 2.088658
-1.566914 2.484506
-2.825102 -0.585004
-1.632166 -0.358057
1.564685 3.490309
5.228917 2.851594
2.003461 1.097950
-0.663350 -1.174394
-2.837392 -0.301004
-0.326188 2.223169
0.673544 0.533785
1.127840 -0.351307
-0.681939 -0.727542
-0.354139 0.391085
-0.278144 0.291778
0.484280 -0.968633
0.268859 0.180603
2.198470 0.327343
0.626733 -2.785782
0.975539 -0.955798
3.970024 -0.833848
-1.071962 0.483206
0.076735 2.085059
-0.077854 1.075527
-1.895366 0.603881
-0.850862 1.769687
1.237609 0.501491
-0.442329 -0.514075
0.061604 1.491666
-1.388098 2.297033
-0.275372 -0.375339
0.637997 -1.233837
-0.570069 -0.843479
-0.208481 2.334371
-1.430437 2.069932
-1.040531 -0.532638
-0.936515 -1.922941
0.050985 -2.372799
1.597121 2.154484
-0.892072 3.784018
-0.755966 2.884910
-4.321361 -0.770931
-1.250600 -2.087342
2.233114 0.050301
3.260705 1.030267
3.579377 -1.085660
-3.371206 -1.932433
-3.943563 1.297237
-0.800459 -2.158274
3.342502 -0.595917
0.876499 -0.470829
-0.157944 -1.928545
1.652739 -2.052208
2.191462 -1.089562
-1.517364 -0.307984
-0.868068 0.491042
0.967304 -0.820641
-2.313218 -2.013695
-3.008071 -1.716538
-2.047484 -0.725830
2.595230 0.126318
4.811684 3.083080
-0.389596 -0.236591
-3.968746 -3.141924
-2.046473 -2.567390
0.398102 -0.804010
2.177344 -0.846041
-1.361646 -4.761780
-0.970492 -0.391241
-0.744914 3.111273
-0.329611 1.740391
-0.800678 -0.371461
0.305785 -0.669666
1.009215 -1.059783
-0.581743 -4.064794
-0.624840 -1.974733
-1.862830 1.228921
-2.679566 4.072300
-1.845814 -0.031207
0.531627 -2.128014
2.864736 -0.814588
1.165503 -0.930448
0.682452 -1.016892
0.953986 3.822623
-0.075586 0.379406
-0.236018 1.286469
2.748122 0.963381
0.832149 2.899135
-1.587963 -0.312021
2.000285 -0.697700
3.647306 1.223783
6.666191 1.179436
1.883683 -2.576109
-1.327313 -0.477981
1.338438 0.041820
4.084560 4.106590
2.582364 0.053132
3.070983 -3.216214
2.924416 -1.227519
-0.302284 0.491449
0.040656 0.235739
3.460800 -2.776401
1.571637 0.455204
-0.749217 2.440268
-0.552569 3.380904
3.101347 -0.818138
2.230848 -2.860129
-1.492113 -0.876805
1.552253 -1.054950
2.333270 -0.536927
4.147658 -0.604230
4.256888 -0.714757
0.733931 0.827948
0.875728 -0.540923
2.396147 -0.028364
2.258228 -0.999748
2.118301 2.433759
2.473418 -0.333959
2.244684 -0.834190
0.773671 0.014127
0.080302 -2.189366
-1.232625 -3.637430
1.383320 -2.165007
5.874256 -1.812346
6.703115 0.868884
3.010845 1.672140
-0.280320 -0.012544
-0.196831 -0.077695
1.925697 -1.363533
3.441629 -4.567669
-0.525652 -3.133812
-1.235581 2.145755
2.189423 3.168826
4.326551 -0.502371
3.642670 -3.362786
1.299150 -2.464769
0.917165 1.319044
0.582766 -0.152420
1.947864 -2.893011
1.415726 -2.133776
1.135707 1.199218
4.384747 0.765100
2.998735 -0.756244
1.726389 0.848106
4.016067 -0.643907
5.284851 1.335364
1.184846 0.329526
-0.874262 0.962073
0.358925 1.733900
3.123604 1.775654
0.733258 -2.285640
0.240839 -3.608944
3.219409 -1.407404
3.294968 0.031110
3.288511 0.862716
4.140603 1.939661
2.740806 0.206596
2.016829 1.425669
4.711568 1.091804
3.823472 -0.683322
-0.599276 -1.516792
-2.959767 0.782271
0.099500 1.830385
4.174889 1.383779
6.607132 3.670994
3.150671 -0.695900
1.042693 -1.430607
1.031467 -0.008211
4.040273 -0.043980
6.352353 -0.925742
1.626621 0.066199
-0.610447 3.744785
3.290414 2.049966
4.314217 -1.842612
6.659682 -3.484108
4.012503 -2.823452
0.648572 1.122604
1.361749 -0.291473
2.265177 -1.646038
1.558493 -1.697578
1.448580 0.852604
1.425560 0.888891
3.477729 1.093425
1.790250 0.891178
0.992000 -0.341597
-0.155687 -1.488171
2.245037 1.527317
2.987956 -0.615047
2.720375 0.508483
2.031362 4.335365
0.738923 5.052384
-0.537869 2.521154
0.699595 2.043465
2.493252 2.830658
2.917115 2.250273
2.342342 2.503275
-2.384804 1.988848
1.436432 0.078699
4.519822 0.093839
1.244817 1.288008
1.577531 1.531957
2.091844 4.133073
1.953969 3.617172
3.057812 2.362313
4.711852 1.206227
6.745230 -0.128233
2.560967 -0.037212
-0.835421 3.511723
0.474339 3.583545
2.861928 4.620262
2.943064 4.201090
3.917697 4.172958
2.967416 3.007874
2.479437 2.370106
2.060267 3.184103
-0.389107 5.385296
-0.005629 2.801325
0.259009 3.727096
3.886805 3.896965
4.879468 1.396138
3.001836 0.667714
0.037925 3.794346
2.945580 2.967958
2.828742 2.425572
2.424600 0.103159
0.785750 -3.601204
-0.131444 -1.647265
-1.377650 0.255193
1.607527 3.813604
4.588791 3.530439
2.701435 3.013947
1.377846 0.987596
1.457481 1.187003
1.298746 2.133781
1.786668 -2.303957
1.123999 -2.482019
1.346480 3.043706
3.499910 5.778655
2.699852 5.799553
0.380573 -1.299939
-2.616288 -4.690891
0.148112 1.504556
2.547013 4.051940
3.141441 2.890142
5.215629 3.150636
1.113121 1.032491
2.168427 1.627135
1.861235 -1.273679
2.007448 -1.594090
1.904861 1.216682
2.078166 3.583790
0.759923 1.812133
2.058372 0.520062
1.414488 1.381817
4.563981 1.091362
5.482372 3.898610
2.248415 4.744700
-1.473227 1.568604
-3.446363 1.530027
-1.152065 2.420271
2.319767 3.084827
2.644661 3.162570
1.431820 2.755356
1.225388 1.053348
1.723302 1.765003
2.085629 0.597757
4.142368 1.340799
2.565150 2.484043
0.640259 2.431494
2.252116 2.445458
1.996295 4.934012
2.073444 6.362477
3.644556 2.254925
2.743153 0.187490
1.504818 0.171763
7.532070 4.678870
5.051070 2.199482
-0.655891 0.479828
-2.087398 3.302703
0.580310 3.916187
0.444561 0.841153
2.273514 1.289094
3.897888 4.410369
2.377556 2.561041
2.805651 -0.734011
0.809556 -1.042465
2.087385 3.102326
4.966672 4.746264
3.039802 4.187412
-0.591498 2.664187
-2.217821 2.876100
-2.741343 1.860762
-1.980200 0.403842
1.695506 1.412428
1.839435 1.920613
-2.214540 5.287248
-3.191907 5.989510
1.180869 0.167141
1.285204 -3.185120
-2.165005 1.460793
-0.318765 4.085342
1.202214 2.566344
-0.896308 0.135401
-0.379479 0.732906
-1.882853 5.614999
-2.473949 5.550510
-2.391763 1.890040
0.262269 1.200766
0.024331 -0.690026
2.533443 -0.869719
-0.651352 -0.005213
1.912782 0.263771
3.559580 3.102032
3.308189 4.660362
2.638261 3.170159
-1.279347 0.934046
-2.515840 -0.610886
0.286044 0.813591
1.154850 0.480357
0.575314 -0.610699
-1.143084 1.486949
-1.832404 4.125540
-0.979644 2.498658
0.998135 3.580172
1.193078 4.075515
-0.048326 3.237340
-2.460385 3.479001
-0.187248 0.120728
2.830505 1.223624
-0.948772 2.118541
-4.751530 3.085457
-2.691170 1.644910
1.484387 -0.349932
2.076423 0.848857
0.472452 3.927668
-3.772837 4.582905
-1.763038 5.032575
1.443643 2.657683
0.276965 0.580187
2.036797 -0.891080
-0.337023 0.334367
-2.828380 1.378302
-1.108402 0.480438
1.807569 -0.195336
2.395065 2.244665
1.313148 4.332806
0.845811 4.745771
-1.466767 2.841943
-3.789195 0.588227
0.030651 2.021343
1.562936 1.417879
0.501981 3.294424
-0.282299 2.434047
-2.279945 1.453365
-2.445713 2.298785
-0.911571 5.314331
2.955774 5.046534
1.780012 7.088187
-2.218273 4.722983
-3.125130 -0.854042
-0.433390 -2.534636
0.698737 0.247344
-2.395960 1.586885
-2.400055 4.054861
0.862224 4.836501
4.451626 2.371511
2.400115 -0.452761
-0.019960 1.271216
-1.585746 1.666981
-1.155452 1.838956
1.209501 4.101696
2.710486 5.813334
0.700853 2.483016
1.777114 -0.905432
0.993057 -4.972569
-1.841108 -2.888047
2.248964 1.324322
2.442080 4.448155
0.777082 6.129853
1.634510 5.486823
2.574017 1.975817
0.879570 3.802648
2.510222 3.979717
-0.872135 3.745032
-2.399859 0.863159
0.968068 2.019072
0.786980 3.656876
0.482356 3.841389
3.348619 -0.000368
-0.467920 -1.953703
-0.879241 -0.491660
-0.584154 0.016301
-0.659057 2.525420
-1.782601 2.258990
-1.360713 0.525095
-0.321307 1.322438
2.012099 -1.744514
3.072093 -1.727109
0.351004 3.325741
-2.006190 1.686091
-2.792610 -3.504945
-1.395661 -1.960737
0.313229 2.293693
1.713135 1.353176
0.665268 0.597811
-0.246172 1.868421
-0.502542 -0.771260
1.869959 -1.207924
0.693207 -1.813160
-3.289529 -1.018334
-2.047802 -0.431570
-0.053457 0.358442
0.299544 -1.308621
1.240812 -0.203892
1.998427 -1.684936
-0.047911 -0.382692
-3.355328 -1.334559
-2.572821 -1.954183
0.369088 0.700067
2.885556 -1.014150
1.972833 -2.686983
-0.376704 0.092278
-1.139620 0.445109
-2.142934 -0.829641
-1.623123 -1.260050
1.980824 0.526384
2.867150 0.128694
-2.930040 0.281744
-3.028676 3.111996
-2.441931 2.529893
1.019180 1.130980
1.353167 1.069727
-0.803516 -3.277043
-4.439616 0.963488
-3.079123 1.886256
0.817366 1.537932
3.584805 -1.841672
-0.037766 -0.202833
0.028961 0.144809
-1.892388 -1.410907
0.675746 -1.606414
-2.520527 -1.336297
-2.937948 1.702209
-2.089398 4.172394
1.141705 2.129140
1.807501 -0.562250
0.750436 -0.953058
0.255662 -0.861794
-0.732028 3.998800
-0.348585 2.319161
-0.721165 -0.502696
-0.099870 -2.757598
-0.502323 -0.824600
-4.264523 0.902774
-3.266347 3.041204
2.276608 1.785225
4.088054 -2.753043
0.560289 -2.195415
-2.042175 3.580264
-2.788276 4.689973
-0.365867 -0.505558
1.463355 -4.803114
4.592849 -1.293163
1.916242 1.760525
-2.734236 2.224640
1.084907 0.893107
1.183841 1.689798
0.232023 0.603292
1.155032 0.042155
1.475200 0.462493
0.830271 0.566370
-3.139838 2.789569
-1.719652 1.136401
2.804098 -2.665992
1.338087 -1.415422
1.131304 -1.500653
1.406351 1.713992
0.724458 2.479854
-1.921502 0.413487
-0.619370 2.665783
0.816484 4.375934
-2.092534 3.262002
-2.102984 -1.816722
-1.227174 -3.442886
2.189268 2.255046
2.750779 1.153882
1.607068 0.701261
-2.224143 -3.971462
-0.703847 -0.477640
3.604499 1.864769
6.920799 0.294718
5.096994 1.202687
3.946716 1.632054
3.502735 2.714260
0.901680 -1.041686
1.101224 -2.573344
2.073847 0.847933
4.528111 2.664966
4.601392 2.601785
-0.006977 1.313880
0.960878 1.334378
3.459558 -0.293247
-0.846800 -0.636593
2.607511 -1.488317
-0.690265 -3.941798
1.386270 -2.174671
5.046871 0.674611
7.013873 2.216176
3.319666 1.167076
1.384401 -1.268425
1.307986 0.096440
0.572404 0.224441
1.347467 -3.600250
0.116847 -1.076710
-0.431639 -0.250853
3.573349 -0.506508
5.118549 3.960612
5.165228 3.240302
2.431864 -0.673612
1.577699 -2.787869
3.793391 -5.199206
3.741991 -3.046975
3.612163 1.180289
-0.322171 1.930008
0.134427 3.232209
4.541294 2.306153
6.453442 0.352869
1.696530 -1.701637
-0.905896 -0.020492
-0.014446 2.177845
3.292197 -1.385066
3.883174 -1.944387
1.031819 0.690332
-0.317698 1.009732
1.757597 3.070358
3.102441 3.453130
1.372376 3.073801
0.136858 0.814115
0.851945 -1.735028
3.676839 0.858269
3.868202 0.619607
3.681358 -0.924681
4.268939 -2.615520
2.691746 -3.062716
1.338391 1.047761
0.030695 0.829388
3.878247 1.988645
7.561985 -1.766481
1.466159 -0.087999
-1.837699 0.296905
0.547060 1.277936
2.446537 -0.063624
4.969090 0.787228
6.608970 2.593108
2.537823 -0.516809
-1.285825 -0.962897
-1.773342 -1.936843
-0.100303 -1.552666
2.764379 -1.026584
2.200021 1.564621
3.778327 2.182806
4.955242 1.724219
3.131494 0.539859
1.830785 -1.003136
2.481091 2.761289
4.554773 1.941469
4.282292 -0.464650
4.566740 1.672237
3.437520 1.052544
2.350776 1.147812
3.777977 -1.233531
4.790642 -0.135235
1.970960 -0.556887
-0.275071 0.064138
-0.027636 0.919710
1.618710 2.419615
3.520612 0.967948
4.255265 0.045403
3.791177 -2.652949
0.389281 0.643593
3.278627 3.206567
4.507751 5.056788
3.816111 3.137461
3.521364 0.582915
3.196783 -2.396302
1.511658 -3.223829
4.483829 0.935226
4.678122 2.980077
-0.485509 0.530900
-0.908178 1.628096
1.776621 1.824255
1.626920 1.539029
0.889503 0.752846
0.138785 0.774890
0.572558 3.755669
0.829674 1.931586
5.215025 -0.176576
5.190776 0.999227
2.423415 3.681384
1.349346 4.412006
-1.338888 2.574009
2.006585 3.796591
5.469961 2.990610
1.553260 1.592509
1.579736 0.400929
3.653412 0.495740
1.231557 2.565183
2.914329 3.838036
1.294088 1.161992
1.404059 0.484265
2.464830 0.772132
0.801647 1.117742
1.256942 1.823994
0.163589 5.275170
0.611051 5.547820
3.010623 1.442373
1.023931 1.450179
3.106256 2.062135
3.143926 4.383133
4.667183 0.806961
2.230062 -0.192365
-1.814162 2.984209
2.365480 1.648672
5.822583 3.935131
3.795389 2.894414
2.352769 0.840074
1.757325 0.169191
-0.654389 1.705188
-1.922700 2.819409
1.920282 3.629181
3.408428 2.209542
-1.001748 3.982732
0.144934 5.716270
2.656115 2.540690
4.438997 1.759912
2.795720 0.740318
3.860566 1.886466
1.075141 2.993069
0.462498 1.733057
1.606880 2.102450
1.796989 0.798931
1.423371 1.446461
0.775445 3.061530
1.907193 5.338180
1.615053 3.782151
-0.318845 0.937438
0.503643 1.401077
3.036437 -0.702612
3.991326 -0.906056
3.397056 0.290401
0.765605 4.516480
1.964400 4.543325
3.440499 3.705714
1.738927 2.707221
4.651761 2.302042
1.880013 3.695787
-2.905407 2.733129
1.102215 1.279563
5.618073 4.138503
6.368735 4.884428
3.576719 2.114671
1.831432 1.138084
2.720124 1.955731
4.490428 0.148782
1.850355 2.363315
-1.278664 4.755966
3.047762 4.151195
5.875708 0.383110
3.600574 0.297623
-1.257642 2.186036
0.095007 2.810363
1.739353 2.787055
1.983327 4.201818
4.059178 2.454092
2.366752 1.788806
1.115946 0.191799
-5.293617 1.844412
0.545551 4.786314
4.267376 0.528043
4.740482 1.304743
2.797819 2.277861
1.416401 3.403649
1.066100 1.012904
3.813307 -0.719207
2.925438 0.110291
0.686034 4.585189
1.090555 4.758691
5.556601 4.288744
5.434643 3.334982
0.142467 1.335780
-0.369682 4.062411
-0.686217 2.000399
1.086664 2.311757
0.552973 3.213305
0.182908 4.457484
0.258955 2.918700
1.739069 1.791364
0.907286 2.660249
-0.477396 2.315507
0.065269 3.636249
2.885295 4.312561
2.243407 2.036187
1.471876 1.494835
-1.888797 2.131192
-1.973955 -0.825636
0.057384 0.181466
2.698991 2.447076
2.362621 1.694527
-1.229824 -1.986395
0.654823 -0.407255
3.757800 3.785529
1.731477 3.363112
2.521576 5.017379
2.458678 1.996095
-2.489309 -1.223128
-0.877343 -2.537226
0.287828 -0.512054
1.911602 6.470536
1.166793 5.996975
-1.176773 1.663961
1.662158 -0.115426
-0.540832 1.480262
-3.163697 2.526743
-3.048751 5.118172
3.647062 3.218218
3.050733 2.256119
-1.591928 3.280764
-3.192323 2.985148
-2.008818 1.316639
-1.815629 1.806171
-0.007971 3.426526
-0.111885 2.429085
-0.727994 2.727063
1.285201 1.594190
1.665152 2.648652
-0.934831 3.809821
-0.168267 3.264150
-0.608660 0.791061
-1.416746 -0.965584
1.162797 2.051091
0.175105 3.934128
0.657138 5.452365
-1.034966 3.753771
-2.365039 4.417803
-3.066478 3.979279
0.188900 4.365943
1.617723 3.157981
3.603214 0.088695
1.390138 -4.146713
0.922452 0.584946
-0.648299 4.217318
-3.097025 2.987343
-3.072012 2.523017
-2.553514 3.959310
-0.869246 3.614128
2.841969 3.033134
-0.760223 3.635729
-2.135798 1.796715
-2.925326 2.981531
2.157506 3.111759
3.587580 3.437016
7.156110 3.442479
0.024268 -0.941951
-2.047378 -0.217577
0.428022 2.368290
1.898994 2.358526
2.307258 4.071813
0.785111 2.133094
-2.576960 0.513299
-1.956615 3.295127
2.292683 5.559929
2.238944 3.648973
2.635282 1.490044
3.005885 2.281170
-0.855118 2.764978
-2.354790 0.227114
0.317160 -1.005199
-1.012393 0.185110
-1.803711 2.763956
1.450928 3.458915
-2.245462 2.579607
-1.920618 0.491901
-0.202921 2.822064
4.081000 3.411241
1.091599 4.527551
-0.687549 3.622342
2.292600 3.410500
2.118996 2.096421
0.898737 1.055721
-4.039948 2.652190
-3.789307 2.465798
2.050050 -2.227276
2.721167 -3.385671
-0.818688 -2.283238
-5.352857 -2.636050
-1.351936 0.769012
1.270827 3.116789
2.458010 1.515998
-0.463089 0.112099
-0.490135 -2.933347
0.335537 -2.802342
1.180984 0.114494
-1.884124 1.712487
-5.284086 0.727968
-5.720950 -2.184214
-3.364734 -0.355726
0.749454 0.476012
1.939866 0.127502
2.450536 -1.308888
-0.029895 -0.580167
-3.220130 1.463213
-0.615257 1.191031
1.733257 -1.751817
0.975910 -3.288529
-1.123611 -2.112981
-2.154329 0.224841
-0.024924 0.440336
-1.886159 1.139627
-0.388468 -1.500726
1.323317 -3.900015
2.751842 -1.981482
0.537696 0.006447
-0.234532 2.787207
0.108954 1.310156
0.322255 1.665051
2.848704 0.148917
3.078246 -3.126880
-2.730791 -3.496806
-3.423459 2.620433
0.380573 3.934720
1.176887 -1.049415
0.063745 -1.967034
0.451431 0.416433
1.029118 -1.013839
3.110833 0.946688
-1.345023 0.865665
0.071195 -1.206976
1.316291 -3.056311
-1.048669 0.408634
0.673346 1.116297
0.765863 -0.588435
-1.036663 -1.490312
-0.115024 -0.667131
1.815340 -0.519472
-1.798658 0.320007
-1.614646 -0.817189
-2.453328 -2.183421
-2.446839 -0.718766
-2.173351 0.160616
0.400325 1.273277
3.552763 -2.164546
2.565349 -1.938634
-2.102788 1.553554
-4.712072 -1.375787
-1.147460 -1.325391
3.131677 -1.335686
2.710758 -1.505951
-1.583023 1.385175
-3.125453 1.461816
-1.135193 0.830095
-1.750642 -2.674458
1.553304 -3.935697
-3.029472 -0.922182
-0.099114 4.966384
1.789494 3.185696
2.107389 1.472750
0.488442 -0.329794
0.826531 0.410252
0.796425 1.541850
-1.269561 1.028628
-3.276299 -0.479670
-0.904923 2.431462
1.832657 4.205294
4.237525 3.453841
5.619234 -1.420832
0.828862 -2.459259
-3.635702 -0.993896
0.554987 2.042682
3.674531 3.885164
5.498962 3.081617
3.452770 -0.249984
0.196148 -3.411048
-1.074949 -0.513967
-2.661890 3.631236
1.628832 3.054615
0.776415 -0.023335
1.015985 -2.182784
3.515761 -2.304995
4.199792 -2.810868
