-0.852993 -0.434871
-0.408752 -0.380158
-0.420232 0.109880
0.019559 -0.603992
-0.572437 -1.021245
-1.353539 -0.998235
-0.030924 0.232323
-0.043126 -0.530277
-0.107400 0.149684
-1.076905 -0.887113
-0.140358 -0.276625
-0.809520 -0.759638
-1.221614 -0.319995
-0.804461 -0.982849
-0.382739 -0.865258
0.097378 -0.454433
0.693773 0.557164
-1.060146 -0.647958
-1.369617 -1.610166
-1.259997 -1.238928
0.307689 -0.041750
-0.425336 -0.516409
0.100103 -0.529506
-0.173628 -0.101615
-0.844606 -0.876071
-0.674306 -0.466915
0.081188 0.502003
0.716572 1.150572
0.720660 0.343135
-0.925315 -0.279370
-1.206671 -1.898294
-0.783292 -0.893239
0.067779 -0.517409
-0.707030 -1.047229
-0.053265 -0.136830
-1.137242 -0.921372
-1.032776 -0.910162
-0.061107 -0.034440
-0.673896 -0.786570
-0.008268 -0.049031
-0.957038 -0.148906
-1.131228 -0.991532
-0.770341 -0.984671
-0.423668 -0.328798
-0.906548 -0.337857
-0.259444 0.112594
-0.491835 -0.792755
-0.664362 -0.843122
0.315281 -0.204287
-0.011206 0.283578
0.448342 0.673657
-0.706234 -0.391787
-1.185469 -1.232052
-1.218862 -1.451071
-0.532578 -1.394438
-0.354395 -0.740325
-0.733625 -0.210979
-0.740307 -0.432444
0.037950 0.507440
0.025507 -0.366876
-0.441454 -1.126254
-0.828307 -0.854237
0.255656 1.035294
-0.636707 -0.311441
-0.197393 -0.922337
-0.135610 -0.489123
0.208405 -0.067442
-0.541539 -0.548126
-0.402501 -0.504639
0.032900 0.636934
0.184390 -0.011883
-1.247798 -0.998337
-1.979338 -2.466236
-0.573395 -1.677975
-0.138114 0.857857
-0.650579 0.295763
-0.508937 -1.098187
-0.640027 -1.180243
-0.265147 -1.112463
0.584232 0.501148
0.465507 0.804923
-0.584915 -0.430713
-1.421359 -0.267365
-1.077353 -0.909705
-1.009870 -1.808062
-0.842772 -0.318909
1.074334 0.827295
-0.295251 -0.125980
-1.097835 -0.702621
-1.965109 -1.724110
0.062519 0.205581
-0.344391 0.423834
0.061515 -0.413213
-0.182977 -1.170874
-0.715072 -0.669461
-0.967213 -1.083010
0.580147 1.214789
0.703666 1.389824
-0.126997 -0.570400
-1.552739 -1.075197
0.162178 0.407085
-0.213476 0.255662
0.124730 0.072607
-1.104359 -1.319903
-1.748639 -1.003376
-0.269616 -0.093567
-0.748740 -1.185931
-0.865498 -1.172143
0.582911 0.765679
0.746848 1.277292
-0.883605 -0.425789
-1.485443 -1.561195
-0.975885 -1.011219
-0.624088 -0.069634
-0.038994 -0.065752
-0.463790 0.422702
-0.726950 -0.854592
-1.023279 -0.459858
-0.513506 -0.607434
0.440160 0.289676
-0.947898 -1.260996
-0.494112 -0.498789
-1.020281 -1.629265
-0.848919 -1.199116
-0.180873 0.772784
-0.067972 -0.066827
-0.868754 -1.476485
-1.796120 -1.488620
-0.556644 -1.084348
-0.977432 -0.914924
-0.537519 -0.610461
-0.821050 -0.370326
-1.275258 -2.005820
-0.835988 -0.078401
-0.014885 0.874121
0.389065 0.473569
0.460788 0.411965
-0.087232 0.082585
-0.745904 -0.453570
-0.843934 -0.516495
-0.680291 0.252368
0.102292 -0.600965
-0.673807 -2.214046
-1.718767 -1.895636
0.424279 0.099625
0.005042 0.610190
0.081416 -0.125387
-0.399985 0.194900
-0.909737 -0.599793
-0.019829 0.245503
-0.548296 -0.297387
-0.624597 -0.854653
0.405587 -0.220381
0.325061 -0.409879
-0.817444 -1.323837
-0.831188 -1.051014
-1.754546 -1.117164
-1.554459 -0.932978
-0.680859 -0.363631
-0.616497 -0.033141
-0.946620 -0.795379
-0.971302 -0.690715
-0.478719 -0.482661
-0.445055 -0.504904
-0.760625 -0.746966
-0.075878 0.327690
-1.269926 -1.215272
-0.688191 -1.351458
-0.601868 -1.147583
-1.283253 -1.042845
-0.163436 -0.670956
-0.191772 0.555071
0.045925 0.794385
1.119808 1.592153
-0.037112 0.039573
-0.877618 -0.990473
-1.327036 -1.540238
-0.613598 -0.457164
-0.558269 -0.471435
-1.042074 -1.781547
-1.232332 -1.171383
-1.142450 -1.319195
-1.024451 -0.313525
0.544121 0.596110
0.690895 0.836693
-0.346495 -1.224356
-0.455483 -0.681285
-0.990095 -0.865569
-1.495542 -1.522685
-1.157327 -1.588303
0.065958 -0.066861
0.202014 0.839925
0.908433 1.398284
-0.577944 -0.075198
-1.024444 -1.371499
-1.100500 -1.469590
-1.089341 -1.919124
-0.311448 -0.423817
1.151480 1.245524
0.595993 0.895079
-0.826968 -1.002398
-1.268988 -1.321312
-0.700173 -1.427387
-0.282496 -0.550689
-0.302388 0.633628
-0.518955 -1.576180
-0.549921 -1.257395
-1.436284 -1.301695
-0.609457 -0.422373
-0.188286 -0.615993
1.284386 1.065378
0.568793 1.021013
-1.055295 -1.011479
-2.046718 -2.375276
-1.321900 -1.445687
0.311533 0.092803
0.330186 0.209712
-0.443210 -1.123042
-1.097547 -1.549744
-2.325097 -1.963986
-2.517259 -2.398964
-0.873243 -1.052939
0.218328 0.499647
1.074771 1.698968
0.290334 1.188969
-1.034761 -1.293127
-1.410158 -1.596565
-0.591065 -0.624857
0.229990 0.356037
-0.370205 -0.765392
-0.863677 -1.239119
-0.788530 -0.442555
-0.865777 -0.252436
-0.801060 -0.148965
-1.415048 -2.310109
-1.667980 -1.928404
-0.149173 0.393011
-0.154389 0.495449
-0.143168 0.114959
-0.766762 -0.455772
-0.624090 -0.467560
-0.047158 -0.005852
-0.642884 -0.656648
-1.295936 -1.117024
-0.457470 -0.233865
-0.641213 -1.064921
-1.081467 -0.959649
-0.527046 -1.325553
-1.070367 -0.360455
0.628452 0.253261
0.317768 -0.584088
-0.478060 -0.893928
-1.755067 -1.467601
-0.719728 -1.086813
-0.513128 -0.513820
0.327803 1.138153
-0.301048 0.287579
0.299619 0.168701
-1.188386 -1.361056
-1.290982 -1.315789
-1.566391 -2.138784
-0.610186 -0.982472
-0.746791 -0.879388
-1.431411 -1.369686
-1.870344 -1.816948
-0.839462 -0.441590
0.423341 0.164828
0.506929 0.292080
0.400656 -0.177534
-0.130823 0.400879
-0.750649 -1.355356
-1.074490 -0.968464
-0.003086 0.784433
-0.686359 0.085312
-2.201225 -2.340653
0.118532 -1.029721
0.782296 0.489727
0.169721 -0.085051
-0.140020 0.113912
0.274299 0.018316
0.372076 0.905147
-0.145930 -0.473885
-1.479220 -1.407134
-1.734830 -1.493629
0.371608 0.146906
-0.662346 -0.167487
-0.300689 -0.097836
-0.564029 -0.925000
-0.111929 -0.667151
0.396925 -0.276272
-0.796591 -0.389746
-0.910560 -0.881033
-0.396837 -0.686990
-0.112172 -0.639604
-0.815322 0.477567
-0.580900 -1.370278
0.128993 0.025722
-1.083483 -0.085949
0.400730 0.422088
-0.565542 -0.791049
-0.522454 -0.814422
-0.474812 -1.008510
0.524509 0.657035
0.738225 0.571396
-1.231008 -0.351951
-0.649222 0.375057
-0.650638 -0.014584
0.207827 0.347326
-0.076695 -0.134696
-0.581127 -0.310769
-0.755434 -0.840989
0.514385 0.263520
-1.185697 -0.193476
-0.528906 -0.891269
0.151922 0.051707
0.672052 1.060960
-0.211848 0.007570
-1.136938 -1.377838
-0.255003 -0.824038
-0.296681 -0.645890
0.340301 0.779506
-0.642244 -1.316674
-1.466703 -1.830476
-1.066180 -1.293101
-0.600579 -0.653308
-0.368878 -0.153683
0.028739 0.638557
-0.581385 -0.276049
-1.656570 -1.940020
-0.980261 -1.322387
-1.138837 -0.624968
-0.334127 0.163963
-0.664110 -0.580749
-1.012535 -1.739789
-0.220675 -0.876175
1.369925 1.517658
-0.352901 -0.394460
-0.812881 -0.906941
-0.090008 -0.029499
-0.897708 -1.135053
-0.461978 -0.098890
0.466263 0.549441
-0.431494 0.126849
-0.493970 -1.169891
-0.288727 -1.252701
-0.376053 -1.122827
-0.038804 -0.879313
0.541180 0.751520
-0.678730 -0.008701
-0.387217 0.046406
-0.778575 -0.766216
-0.407514 -0.733026
-0.273379 0.438645
-0.364915 -0.210036
-0.195133 0.466782
-0.195079 0.053314
0.570873 0.416451
-0.634379 -1.319527
-1.559142 -1.973640
-0.718507 -0.699968
-0.094630 0.889197
-0.557140 -0.624730
-0.232188 0.190645
0.532520 -0.147986
0.999096 0.916229
0.358565 0.371457
-1.240158 -0.916710
-2.412445 -2.179495
-1.229604 -0.627436
-0.623536 -0.388131
0.661023 0.711160
-0.238236 -1.450057
-0.649134 -1.903648
-0.261840 -0.226222
-0.453049 0.882636
0.073134 0.068121
-0.685849 -0.916427
-0.155418 -0.159430
-1.311933 -1.160164
-1.221198 -1.206015
0.102368 -0.387820
-0.864084 -0.921203
-0.214896 -0.806773
0.049278 0.038441
0.485871 0.088267
-0.399016 0.526363
-0.288711 -0.264159
0.451435 0.250797
0.105339 -0.699906
-0.401744 -0.872946
-0.558424 -0.614444
-0.621938 0.094371
0.906834 0.698683
1.001188 1.404271
0.416411 0.719620
-0.151823 0.001442
-0.039157 -0.024451
-0.825463 -0.608419
-0.675939 -1.264509
-1.590441 -1.349123
-0.846015 0.641142
-0.057690 -0.980370
-0.410684 -1.171334
-1.193607 -0.687778
-0.032660 -0.732041
-0.450058 0.408750
-0.339140 -0.788446
-0.172939 -0.166848
0.115663 -0.263848
-1.567122 -1.240046
-1.350738 -1.494205
0.254264 0.227292
0.839400 1.138138
-0.302105 -0.717354
-1.226927 -1.539411
-1.399385 -1.967476
-0.575444 -0.449990
-0.140853 0.160024
-0.086940 0.732146
-0.161275 0.304309
0.508707 0.644162
-0.270925 0.069741
-0.559201 0.336454
-1.117568 -0.536398
-0.733566 -1.399833
-1.236708 -1.510613
-0.594418 -0.702544
-0.643188 -0.111731
-0.618064 -0.689415
0.013546 -0.794525
-0.739426 -0.291442
-1.111399 -0.842212
-1.651191 -1.912147
-0.668416 -1.154070
-0.252296 -0.120571
0.244325 1.085761
0.202624 -0.464329
-1.033374 -1.920634
-0.999348 -1.413149
-0.786905 -0.612854
-0.621178 0.045730
-0.384474 -0.076065
-0.902069 -1.510827
-1.017679 -0.510888
-0.296960 0.607974
0.545165 0.968739
-0.626203 -0.302085
-1.480255 -2.352997
-1.431638 -2.675399
0.198156 0.110286
-0.500242 0.099190
-1.194586 -1.554645
-0.208235 -0.797242
-1.211450 -1.339359
-0.316895 -0.764850
-0.606891 -0.607081
0.265373 0.111783
0.216756 0.440116
0.055118 0.934812
-0.325447 -0.536069
-1.541573 -1.552918
-0.430075 -0.767060
-0.072319 0.664201
-0.060817 0.126274
-0.626674 -1.161963
-0.288538 -0.681695
-0.729231 -0.264805
-1.056781 -0.837088
-0.333949 -1.123451
-0.285120 0.241489
-0.139807 -0.157092
-1.591957 -1.557488
-1.985513 -2.506229
-0.493684 -1.425761
0.679516 0.200019
0.497581 0.585864
-0.560209 0.245612
-0.662115 -0.905923
-0.276692 0.023407
-0.236945 -0.987137
0.506156 0.853156
-0.266965 -0.527668
-0.651960 -1.914142
-0.877073 -0.946878
0.487868 1.470861
-0.373561 0.081018
-0.969384 -1.367709
0.080511 -0.195095
0.017714 -0.212572
-1.176719 -1.003781
0.114895 0.677650
0.031424 0.072645
-0.539136 -1.009311
-1.398879 -1.219451
-0.180104 -0.573192
-0.115864 0.387394
0.410775 0.163081
0.045593 -0.725106
-0.912806 -1.288124
-0.908852 -0.526980
0.056340 1.005353
-1.239812 -1.503253
-1.600784 -1.643015
-0.383687 -1.267716
0.066434 -0.109843
-0.662108 -0.848616
-0.346526 -0.350069
-0.747125 0.274362
-1.496352 -0.939147
-0.857652 -1.102826
-0.237851 0.370262
0.341115 0.824917
0.293544 0.423549
-0.137416 -0.367561
-2.425011 -2.777994
-2.103257 -3.355700
-0.772848 -1.478652
-0.900111 -0.611292
-0.792345 -0.334633
-0.341943 0.249559
-0.781488 -0.445493
-1.482501 -2.210937
-0.276340 -0.737724
0.563824 1.135181
-0.434141 -0.666143
-0.798419 -1.165015
-2.038161 -1.411915
-0.498896 -0.698200
0.804387 0.557868
-1.421631 -1.713870
-1.037636 -1.497094
0.431536 1.254756
1.936816 2.066162
1.009280 1.345755
-0.523191 -0.446433
-0.575759 -0.300175
0.221085 -0.109826
-0.836387 -0.993795
-0.691464 -0.154702
-0.057159 -0.127894
-0.307605 -0.537853
-0.967671 -1.263592
-1.525925 -0.873202
-0.372823 0.137247
-0.318351 -0.069322
-1.235905 -1.385110
-0.848014 -1.559252
-0.618372 -1.549417
0.805010 0.988631
0.965333 1.956591
0.118539 0.201201
-0.503908 0.210067
-0.735609 -1.097141
-0.422096 0.130626
-1.150696 -0.065584
-1.161824 -0.375123
-0.811605 -0.993727
0.428523 0.917486
1.028241 1.398095
-0.360651 0.782725
-0.620731 -1.438302
-0.170540 -0.073488
-1.001474 -0.519428
-0.751050 -0.646950
0.551841 -0.622501
1.019017 0.973594
-0.849893 -1.732432
-0.802653 -0.715893
-0.595994 -0.095040
-0.084306 0.223029
-1.128472 -0.873252
-1.288656 -1.723647
-1.291824 -0.621934
-0.699529 -1.183319
0.208989 -0.335460
0.128231 0.868427
0.758199 1.807024
0.737514 1.669327
-1.260770 -2.322280
-2.501966 -3.032446
-0.898154 -0.284269
0.323816 0.908230
-0.392315 -0.640090
-0.684836 -0.643407
-0.304869 0.289518
0.556135 1.005174
-0.808992 -0.965582
-2.064178 -2.106788
-1.763911 -1.819247
-0.773596 -1.416934
0.718785 0.041422
0.084073 0.095353
-0.262247 -0.173051
0.201253 1.437227
-0.406076 -0.577413
-1.125111 -1.219489
-2.427055 -2.412993
-1.475529 -0.563917
-0.216659 -0.179174
0.452730 1.609345
-0.257805 -0.110165
-0.863980 -0.440406
-0.545234 -1.331168
-0.378555 -0.451157
-0.727513 -1.722672
-1.557034 -1.276831
-0.285533 -1.237511
-0.733564 -0.109120
-0.803518 -1.203213
-0.429788 -0.871507
-0.204609 -0.786313
-0.888720 -0.667346
0.191774 0.197010
-1.347249 -0.424988
-0.585736 -0.575174
0.219542 0.019628
-0.055349 -0.096747
0.428764 1.463321
-0.884195 -0.226401
-0.249679 -0.682126
-1.060528 -1.532302
-0.261122 -0.840497
-0.993580 0.122285
0.199743 0.966414
-0.277777 -0.333638
0.679006 -0.185354
0.408974 0.537781
-0.084601 -0.655024
-0.101250 -0.818857
-0.200255 -0.856185
-0.137669 0.857358
-0.126776 -0.187834
-0.816514 -1.429536
-1.807140 -1.830137
-0.906923 0.134135
1.633856 1.539081
0.847494 1.072947
-1.348089 -1.619968
-1.514689 -1.563396
-0.388274 -0.807625
-0.592803 -0.262712
-0.661627 -0.736395
-1.393697 -0.654703
-1.562196 -0.870325
-0.330193 -0.516697
-0.868768 -0.755600
-0.077242 -0.316897
-1.059422 0.114959
-0.767770 -0.836386
-0.395498 -0.950574
-1.222619 -1.253102
-0.825206 -0.250781
0.179947 0.972127
0.980616 1.356198
0.750062 1.410972
-0.558198 -0.870632
-1.041061 -0.413824
-1.204847 -0.818029
-1.250201 -1.672343
-0.159303 -0.864995
0.216655 -0.155194
-0.619630 -0.469400
-1.806362 -2.144013
-1.756792 -0.958797
0.595989 1.314500
0.938399 1.789688
-0.103927 0.141422
-0.451623 -0.723370
-0.938164 -1.232374
-0.918973 -1.593072
0.184090 0.027868
0.296660 0.721973
-0.616067 -0.846836
-0.892927 -1.224048
-0.716636 -1.144207
0.430488 0.422101
0.199566 -0.008990
-0.841039 -0.192131
-0.937864 -1.028921
-1.352902 -1.127547
-0.363305 0.028300
0.346317 0.934540
-0.199372 -0.311589
-0.470563 -0.398384
-0.718635 -0.813301
-1.505157 -1.436596
-0.432783 -0.335995
0.264272 0.668228
0.406026 1.100283
0.354216 0.287235
-1.012468 -1.286209
-0.716362 -0.842328
-0.501361 0.096612
-0.289129 -0.262936
-0.149815 -0.593782
-0.820675 -0.894444
-1.042038 -0.203445
0.217340 -0.101272
0.402687 0.144870
0.038101 -0.212097
-1.335351 -1.492425
-0.584331 -1.370169
0.184464 0.121704
-1.306512 -0.587539
-0.740830 -0.823926
-0.298282 -0.470745
-0.800589 -1.007609
-0.210474 0.127077
-1.521549 -1.463134
-1.878198 -1.476714
-0.645493 -0.485012
0.191661 -0.088646
-0.866632 -1.857548
-0.970260 -1.197679
0.827019 0.771549
1.852466 1.797204
-1.219086 -0.360676
-2.859707 -2.803186
-1.292353 -1.246481
-1.183561 -0.829624
0.840331 -0.339841
1.627613 1.422354
-1.173527 -0.659451
-1.123974 -0.671982
-0.957132 -0.855222
0.584970 -0.484574
0.103578 -0.394700
-1.208547 -1.896932
-1.976529 -1.559900
-2.026873 -2.181919
-2.325882 -1.861292
0.087446 -0.286575
0.415028 0.450261
-1.284270 -3.034727
-1.104156 -1.953049
-0.436077 -0.820696
-0.451880 0.604418
0.538544 1.138610
-0.701906 -1.006432
0.378241 -0.342435
0.239564 0.032701
0.403248 -0.742049
-1.899701 -1.542545
-1.662341 -1.011668
-0.392540 0.714263
0.572265 0.585935
-0.536282 -0.706844
-2.024944 -2.147727
-1.008074 -0.854360
-0.741126 -1.346967
0.082095 0.597227
-0.106187 -0.108985
-0.615839 -1.060240
-0.742254 -0.727182
-0.471857 0.314310
0.377583 0.707051
1.476065 1.481279
1.140937 0.332528
0.001441 -0.950509
0.127163 -0.005931
-1.368041 -0.821871
-0.880117 -0.959483
-0.380499 -1.237820
0.141345 -0.773623
-0.251282 -0.310608
-0.224399 0.961575
0.341903 1.047442
0.135946 0.610617
-1.306377 -2.468345
-1.929677 -2.135331
-1.536633 -0.985960
-0.532813 0.180030
-0.978733 -0.929034
-0.631232 -1.710503
0.778800 1.147347
1.673558 2.128519
-0.811063 -0.481009
-0.375074 -0.274174
-1.145214 -0.734218
-0.551176 -0.794578
-1.467739 -0.606189
-1.581142 -1.663394
-1.645916 -2.055559
-0.909284 -0.916622
-1.547589 -1.405679
-0.003195 -0.840079
0.405225 0.876135
-0.170307 0.026045
-0.495675 -0.881992
-1.666825 -1.585477
-0.429368 -0.379237
-0.169758 -0.339995
0.002729 0.856747
-1.105212 -2.138200
-1.101301 -0.902618
-0.712153 -0.592216
-1.203848 -0.492637
-0.659456 -1.234313
0.012722 0.514534
0.146892 1.061309
-0.206976 -0.781716
-2.328862 -2.446088
-2.281789 -2.849505
-0.938052 -0.374931
1.206949 0.948332
0.105535 -0.288101
-1.496130 -2.191345
-1.110249 -1.849232
-0.654138 0.123152
1.047246 0.859775
-0.123521 0.616567
-0.378397 -0.545407
-1.344773 -0.854937
-0.343890 -0.646582
-0.251627 -0.044209
0.325175 0.610004
-0.832816 -2.136487
-2.199528 -1.903930
-0.964821 -1.404584
0.116381 0.024828
0.167064 0.856134
-0.830364 -0.723734
-0.832977 -1.852500
-0.649762 -0.462244
-0.517549 -0.092138
0.177357 0.697981
-1.241194 -1.361997
-0.371759 -1.449269
-0.021998 0.549052
1.461332 1.558900
-0.356438 0.200212
-1.372622 -1.104805
-0.778412 -1.243884
-2.041532 -2.192264
-0.766438 -0.059800
-1.040138 -0.001665
-0.685320 -0.727285
-1.587523 -1.391258
0.172172 0.069758
-0.004442 1.290320
-0.202185 0.717882
-1.371093 -0.876500
0.182852 -0.535118
0.238708 0.142502
0.645889 -0.292836
-0.372381 -0.918527
-1.179958 -0.578550
-1.212214 -1.320454
-1.195726 -0.560759
-0.575216 -0.284542
-1.220482 -0.749870
-0.517557 -0.961939
-0.945422 -1.351623
-0.802922 -0.827932
-0.051125 -0.122528
0.505964 0.149110
-0.904594 0.026698
-0.898445 -0.520545
-0.110353 0.580893
-0.108241 0.438757
-1.260155 -1.318746
-1.280300 -1.029043
-0.611622 -1.246909
-1.141765 -1.100598
-2.088135 -2.574948
-0.494239 -1.392545
0.042585 -0.002773
-1.166053 -0.562700
-0.909057 -1.120564
-0.819386 -1.799791
-0.823674 -0.737241
-0.284712 -0.491913
0.337427 0.706704
-0.316887 0.331388
-1.728306 -1.746303
-1.168309 -1.615252
-0.556636 -0.082611
-0.566332 0.057052
-1.022110 -0.588046
-0.785465 -1.397494
-0.782373 -1.100408
-0.602797 -0.161400
-1.533946 -2.170808
-1.285192 -1.820929
-0.651470 -0.807869
0.498681 0.413394
-0.970294 -1.519792
-0.891468 -1.637545
-1.501174 -1.278296
-0.476937 -1.465957
-0.658919 -0.441060
0.608737 -0.004162
-0.551550 0.865598
-1.505693 -0.942538
-1.130656 -1.685056
-0.137534 0.582079
-0.722544 0.008028
-1.173175 -0.415601
-0.066933 -0.343940
0.485632 0.511863
0.258185 0.403674
-0.531852 -1.520109
-1.613120 -2.000818
-1.199523 -0.970535
0.144701 0.400393
0.467100 -0.390725
-0.667726 -1.213956
-0.342428 -0.453458
0.010221 0.554628
1.109027 0.718216
0.163181 0.293816
-0.918081 -0.582515
-1.145776 -0.780409
-0.066466 0.692637
-0.477263 -0.962328
-0.169576 -0.941449
-1.070540 -0.457223
-0.444933 -0.325090
-0.928002 -0.335920
-0.322502 0.291627
0.105567 0.075326
-0.215506 -1.649548
-0.616849 -1.412294
-0.834050 -0.246347
-0.523560 0.415511
-1.136506 -0.673985
-0.720218 -0.421682
-2.703312 -3.308803
-1.954515 -2.007103
-0.920301 -1.605185
-0.822281 -0.276090
-0.651221 0.250428
0.596550 1.089418
-0.388402 -0.096896
-0.632729 -0.140045
-0.740528 0.196167
0.357760 1.310128
-0.390246 -1.234351
-1.669060 -3.414899
-0.150271 -1.051662
1.684606 1.583793
0.248486 0.129076
-1.329712 -1.227968
-0.562959 0.589535
-0.922880 0.115856
-0.384607 0.283359
1.439171 2.483589
-0.850639 -1.450899
-0.474098 -1.135610
-0.291656 0.260901
0.039037 -0.709550
0.347632 0.769874
-1.385733 -0.704871
-1.210772 -1.245375
-0.489771 -0.046472
0.153830 -0.323956
0.560072 0.843439
-0.643451 -0.129873
-0.550126 -1.321717
-0.268155 -0.577273
-0.132295 -0.503367
-1.187650 -0.984770
-1.392862 -1.446017
-0.707564 -0.307633
1.935115 2.845094
1.190588 0.565084
-1.803062 -2.084984
-0.331377 -0.643039
-0.599182 -0.469088
0.324754 1.138817
0.540322 0.110891
-0.176436 -0.840999
-1.001955 -0.717710
-1.391353 -2.458571
-1.368319 -2.417835
-0.360228 0.202051
0.166010 0.090173
0.313285 0.463810
-0.813376 -0.505953
-0.161893 0.326228
-0.711452 -0.505350
-1.321183 -1.013403
-0.749574 -0.799479
-0.604770 -0.291661
0.545705 -0.167368
-0.157337 -1.330307
-1.190305 -2.009672
-0.495218 -0.769685
1.184587 1.982831
-0.313282 0.724201
-0.906148 -1.140444
-1.698791 -1.788401
-1.594365 -1.908287
-1.110059 -1.228440
0.049523 -0.654741
-0.256532 0.484132
-0.493391 0.780049
-0.214672 0.744985
-0.921930 -0.490263
-0.454333 -1.698409
-0.870192 -1.938521
-0.895995 0.114731
-0.360898 0.270755
-1.251006 -1.520847
-1.521741 -1.508654
0.977303 0.398506
-0.291201 -0.205914
-1.289217 -2.244261
-2.452411 -3.089851
-1.083903 -1.576598
0.197311 -0.242994
-0.120895 -0.225840
-0.613255 0.317468
-0.530111 -0.621118
-0.335705 -1.027356
-0.407027 -1.120392
-0.154581 -0.742588
-0.357147 -0.605224
-0.645669 -0.524230
-1.121491 -0.806947
-0.168490 -0.601161
-0.685058 -1.332576
0.368899 0.180981
0.304236 0.657316
-0.734452 -0.029887
-0.784110 -0.853514
-0.918279 0.272447
-0.885054 -0.446360
-0.086949 0.107910
0.061629 -0.909188
-0.383916 -0.200091
0.462391 0.279325
-0.206436 -0.601469
-0.923890 -1.248483
0.561119 -0.191212
-0.237815 -0.007148
-1.495959 -1.159203
-1.591816 -1.559439
-0.469938 -1.041739
-0.726079 -0.597069
-0.654397 -0.551752
-1.198391 -1.017822
0.766516 0.461220
-0.739631 -0.504660
-0.470750 -0.545780
-0.420388 -0.262693
-0.347288 -0.436409
-0.181041 -0.408936
-0.860777 -1.487429
-1.311924 -1.004009
-1.261741 -1.257271
-0.546915 0.172832
-0.392968 -0.950932
-0.837858 -0.995544
-1.059953 -1.586292
-1.678565 -1.187107
-0.526563 -0.519746
-0.411019 -0.168919
0.410719 -0.331526
0.443263 0.366342
0.627982 0.295672
-0.007447 0.045507
-0.655662 -0.938680
-1.326978 -1.804929
-1.300921 -1.048131
-0.786092 -0.514859
-0.353888 -0.184629
-1.471102 -0.983356
-0.737865 -1.783780
-0.349039 -0.795096
0.497750 0.892082
1.174833 1.053593
-0.153443 -0.233958
-1.307219 -1.152147
-1.946576 -1.350623
-0.512433 -0.680783
0.392217 0.672827
-0.463454 -0.235257
-0.659624 -0.534247
-1.294443 -1.178936
-0.907253 -1.967667
-1.684271 -1.983135
-1.529038 -1.673908
-1.010057 -1.012718
-0.863385 -0.987885
-0.620806 -0.310984
-0.555839 -0.132813
-0.730473 -0.569147
-0.672034 -0.446272
0.436554 0.644332
0.257834 0.056256
-0.351669 0.475095
-0.715530 -0.399057
-0.921077 -1.903403
-0.798016 -1.697716
0.112424 -0.280693
-1.394340 -1.411232
-0.783493 -0.486577
-0.668458 -1.355374
-0.518784 0.160955
-0.043538 -0.206780
0.818571 0.802775
-1.051574 -0.092531
-1.753661 -1.029189
0.245808 0.308682
-1.249657 -2.556314
-1.425926 -1.835052
-1.890654 -1.406771
0.722017 0.843403
0.787725 1.625193
-0.301604 -0.499782
-2.221730 -2.179970
-2.304713 -2.657302
0.322471 -0.217108
0.862066 0.775852
0.299473 -0.824569
0.168953 -0.020332
-0.409690 -0.020749
-1.511728 -1.270861
-0.243500 0.116075
-0.203678 -0.547409
-0.273379 -0.454773
0.176840 -0.143412
-1.033061 -1.032026
-2.632947 -2.693142
-1.721160 -0.886878
0.562616 0.190318
-0.413419 -0.882512
-0.049905 -0.134443
1.114283 0.802187
1.502526 1.364730
0.231410 1.250931
-1.833440 -1.931430
-2.409245 -2.982744
0.684802 0.535020
1.164598 1.941024
0.283259 0.280409
-0.678076 -1.052428
-1.594433 -1.736010
-2.131799 -2.404000
-0.443896 -1.152049
0.519218 0.457361
0.731884 1.135842
1.181830 0.936654
0.260947 0.381380
-0.307992 0.122124
-0.996117 -1.338705
-0.933572 -0.206327
-0.871397 -1.080437
-1.173849 -0.466892
1.005102 1.450497
0.724204 0.380205
-0.967091 -1.249665
-0.750320 -0.573400
-1.157903 -2.080312
-1.696714 -2.070493
-0.443507 -0.200725
-1.169368 -0.727934
0.453690 -0.385741
0.368185 0.698698
-0.830864 -0.400453
-1.032657 -1.744685
-2.153915 -2.210681
-1.486451 -2.373108
-1.773992 -2.083393
0.229981 0.827180
0.539916 0.950646
0.539450 -0.003142
-0.679112 -1.503676
-1.301592 -1.673271
-0.507358 -0.420592
-0.427223 0.169538
-1.329495 -1.490352
-1.116599 -1.019424
0.005643 1.286421
2.075932 1.667153
0.623094 1.464750
-0.273498 -0.451773
-0.494612 -1.252109
-0.140052 0.119862
-0.140097 0.841664
0.265275 0.446214
0.791732 2.019625
0.362414 0.620526
-0.318124 -0.854078
-0.131910 -0.529085
-1.210122 -0.147260
-0.253743 -0.019629
-1.648988 -1.041850
-0.911453 -0.982802
-1.239479 -0.471746
-0.765222 -0.379813
-0.745783 -0.890932
-2.719626 -3.987918
-1.654753 -1.390724
1.353351 1.456503
0.500571 1.095591
-0.652576 -1.576374
0.113027 -0.856137
-0.317384 0.458157
0.624979 0.248805
-0.642611 0.066836
-1.579247 -1.293706
-1.354606 -0.782297
-0.846269 -1.092598
-0.236415 0.285072
-0.149294 0.593119
-0.040312 0.348023
-0.644290 0.073180
-0.552512 -1.395571
-1.782519 -2.207612
-0.893082 -1.172261
-0.502398 0.206087
0.503020 1.431513
-0.696867 -0.790296
-1.402251 -2.015742
-1.668683 -2.366136
-0.347908 -0.600775
0.521211 0.964384
0.184049 -0.020183
-1.059278 -0.941367
-1.660298 -1.596839
-0.804763 -0.514449
0.680910 0.905208
-0.655210 -0.285763
-0.235266 -0.418315
0.344447 -0.045805
-1.302648 -1.102441
-1.356791 -2.244458
-0.569354 -0.296810
0.042777 -0.042114
0.104209 0.521146
-0.039058 0.347699
-0.075788 -0.234697
-0.192099 -0.069116
-1.425892 -1.214001
-1.100815 -1.327249
-0.015588 0.082480
0.032945 0.138864
-0.585181 -0.950106
-1.001623 -1.656143
-0.913185 -1.450849
-0.880796 -0.037032
-0.186030 0.479959
-0.856035 -1.192087
-1.557596 -1.879373
-1.473056 -2.238410
-0.347606 -0.954918
-0.384393 -1.222486
-0.476508 -0.248728
-1.218695 -0.975765
-0.900111 -1.772891
0.039145 -0.305639
0.149485 -0.155150
0.729729 0.949958
-0.223823 -0.739069
-0.814171 -1.081142
-0.435047 -0.345095
-0.774077 0.478879
-0.838565 -0.207749
-0.332487 -0.473565
-1.021069 -1.516776
-0.343611 -0.169046
-0.319135 0.335264
-1.117199 -0.106247
-0.153261 -0.022910
-1.338481 -1.691725
-1.246398 -0.914620
-0.356815 -0.995141
-1.511321 -1.721282
-1.627780 -1.629797
-0.530295 -0.892506
-0.886905 -0.877433
-0.914387 -0.399707
-0.117530 0.680741
-0.581791 0.056612
-0.115089 -0.559502
-1.484475 -1.913775
-0.731248 -1.034688
-1.476196 -0.755024
-0.977956 -1.149713
-0.378700 -0.303930
-0.144751 -0.686313
-1.042618 -1.076842
-0.456400 -0.600582
0.478570 1.219564
0.399257 -0.335035
0.012147 -0.575597
-0.152035 -0.254097
0.814128 0.804331
-0.670526 0.009467
-1.309439 -0.782268
-0.408542 -1.446372
-0.424438 -0.303359
-0.769690 -0.563647
-0.458183 -0.124167
-0.496964 -0.185934
-0.664402 -1.562864
0.061867 0.075324
0.321520 -0.110243
1.574315 2.017603
0.925074 0.110203
-1.570583 -1.623037
-0.564449 -1.264372
-0.199745 -0.054184
-0.346663 -0.433729
-1.267483 -0.581135
-0.336230 0.023451
1.916504 2.084992
-0.249701 0.382477
-1.556657 -1.401521
-0.394841 -0.122562
-0.161571 0.376892
-0.149312 0.469635
0.617104 0.221556
1.392241 1.989169
-0.250684 0.224826
-1.205502 -0.790413
-1.709942 -1.505868
-2.019913 -2.568081
-0.065333 -0.052642
0.088682 -0.466118
-1.146769 -1.899289
-1.411672 -1.011394
-0.366338 0.409946
0.474917 -0.690514
0.246669 0.099209
0.107421 -0.729280
-0.383634 -0.968131
-0.276320 0.110712
-0.041384 0.428730
-0.535190 -0.617746
-0.306604 -0.564736
-0.429358 -0.247280
-1.123704 -0.171131
-0.136657 -0.003056
-1.104032 -1.786120
-1.416202 -0.533938
-3.146290 -2.179653
-2.788042 -2.946713
-1.355777 -1.499777
-0.885559 -2.320697
-0.717217 -1.255844
0.631859 -0.276414
2.282964 2.770637
1.210086 1.392632
-1.554655 -0.827897
-1.051241 -0.452773
0.012211 0.218768
0.390353 1.392418
1.153511 1.319761
1.121043 0.092121
-0.829993 -0.993409
-0.354366 -0.658533
-0.385448 0.343970
0.133975 -0.198168
-0.572642 -0.156294
1.101913 0.996058
0.370455 0.224685
-0.560407 -0.644277
-0.080650 0.595446
-0.499703 -0.682832
-0.204934 -0.379218
1.419133 0.909979
0.473553 -0.377927
-0.036164 -0.387790
-1.543962 -1.742928
-1.477558 -1.784976
-0.539026 -0.639898
-0.624337 -0.896330
1.472638 2.128333
0.349618 0.453656
-0.603186 -1.001367
-1.336731 -1.754840
-0.380093 -0.175085
-0.573528 0.483117
-1.358172 0.193102
-0.711257 -0.454054
-0.924395 -1.130875
-1.240976 -0.274480
-0.270034 0.534516
0.563464 0.351321
-0.299203 0.196743
0.999800 0.933300
-0.151202 0.480943
-1.082328 -1.474611
-0.429111 -0.804056
0.078263 0.731770
-0.517487 0.111251
-0.292396 -0.215376
-0.640847 -1.300293
-0.369238 -0.418009
-0.164881 -0.115446
-0.739875 -0.426272
-0.507525 -0.751975
-0.813235 -0.324844
-0.412455 -0.824233
-1.337189 -0.735540
-1.864855 -1.071662
-1.935010 -1.137367
-0.269867 -0.323398
-0.614385 -0.269086
0.090403 0.171404
0.481592 0.524523
-0.591739 -0.585694
-1.748780 -2.096385
-1.740018 -1.389456
-1.550932 -1.208360
0.430331 -0.197953
-0.158932 -0.584052
-0.552857 -0.302779
-0.378136 0.144328
-0.469470 0.053904
-0.986892 -1.418020
-0.900940 -1.006978
-0.851664 -0.726303
-0.796925 -0.245676
-1.187621 -0.746932
-0.842550 -0.805121
-0.429258 -1.268477
-0.058614 -1.162425
-0.542331 -0.445275
0.070989 0.343081
-1.034195 -0.895245
-1.301080 -0.662185
-0.150573 -0.564279
0.003559 0.156772
0.645007 0.396736
-0.661647 -0.777879
0.095368 -0.168338
-0.161903 -0.445015
0.252146 0.923367
0.662670 0.383873
-0.535772 -1.253307
-0.261491 -0.500852
-0.153734 -0.316024
-0.122072 0.182165
-0.360306 -0.177988
-0.649318 -1.078195
-1.159390 -1.076015
0.199733 -0.510432
-0.578601 -1.079403
0.358599 0.178587
0.307099 -0.079944
-0.750007 -1.674484
-0.286411 -0.812420
-0.608720 0.195734
-0.414121 0.549692
-0.603001 -0.994574
-1.697201 -1.485381
-1.254968 -0.677873
-0.008064 -0.630761
0.001850 -0.843291
-0.838140 -0.644801
-0.546748 -1.172404
-0.886565 -1.035104
-1.544125 -1.622892
-0.440507 -0.452118
0.080874 0.008666
0.191624 0.036406
-1.032553 -1.482139
-0.907996 -1.010872
-0.897897 -1.299295
-0.408995 -0.078315
-0.461126 -0.592661
-1.061603 -1.565152
-1.051053 -1.434142
-0.532812 -0.451083
-1.333270 -1.822661
-0.644410 -0.580031
0.499376 -0.048189
0.325510 0.512561
-0.413350 -0.010203
-0.379995 -0.372388
-0.300110 0.026249
-1.990569 -1.663259
-1.667686 -1.383899
-0.555411 -1.418043
0.389375 0.612237
0.950232 0.793778
-0.847509 -1.211183
-1.463246 -0.730561
-2.218807 -1.321802
-0.895479 -1.020137
-0.630233 -0.839699
-1.632544 -2.230363
-1.351965 -0.568705
0.286054 1.031161
-1.052349 -0.450006
-0.807068 -0.121124
-0.136351 -1.012448
-0.202441 -1.147329
-1.343054 -0.929928
-0.881455 -0.505665
-0.211184 -0.336005
-0.591288 0.031723
-0.063001 0.722431
-0.919045 -0.479758
-0.664017 -1.379916
-0.234965 0.026008
0.444205 -0.496238
1.091140 1.380096
-1.237714 -0.504908
-1.285692 -1.248574
-2.220703 -2.120439
-0.282279 0.109605
0.076521 -0.933066
-1.258418 -1.445762
-2.003696 -1.454771
-1.570870 -1.177044
-0.896587 0.499036
1.650734 2.104699
-1.603293 -1.073980
-1.388023 -1.746852
-1.009096 -1.054902
-1.108875 -0.863982
0.054954 -0.206494
0.912421 0.967821
0.011427 0.224699
-0.347527 -0.181041
-1.061316 -1.467138
-2.034484 -1.911602
-0.414625 -1.033024
0.327771 0.449534
0.576771 -0.488994
-0.135094 0.308714
-0.216681 -0.225890
-1.386633 -1.123007
-1.382837 -1.735808
-1.270054 -1.052681
-0.916640 -0.487082
-0.462583 -0.802875
-0.063188 0.510558
1.391847 0.737922
-0.034146 -0.238981
-1.339144 -1.459678
-1.650304 -1.726850
0.201511 -0.911749
1.130219 1.187712
2.521718 3.367244
-0.243841 0.596354
-1.303080 -1.385764
-0.800073 -0.663992
2.039844 2.290658
-0.195363 0.660513
-0.011109 1.545016
0.990019 2.624452
-0.095362 0.643587
-0.791969 -1.346420
-2.268469 -2.155970
-0.481621 -0.976028
-0.364110 -0.851644
-0.401078 -0.658402
-2.280089 -2.923871
-0.979362 -0.909209
1.448928 1.397174
2.363418 2.606803
0.055555 -0.376982
-1.697834 -1.338468
-1.865168 -2.375754
-1.253842 -1.468453
-1.116947 -1.945537
-0.305180 -0.199556
-0.407142 0.143088
0.276614 0.514073
-0.331759 -0.198594
-2.072878 -1.598795
-1.305503 -2.002086
-0.112848 -0.426010
-0.438865 0.026287
1.437191 2.133041
1.328567 2.345660
-0.905209 -0.739081
-0.818305 -1.082086
-0.429030 -0.571747
-0.751316 0.035290
-0.116287 0.147017
0.911813 1.561275
0.412357 1.142334
-0.397069 -0.520438
-1.445563 -1.451754
0.726676 0.341451
0.886045 1.026572
0.261158 0.684208
-1.099678 -0.791462
-1.191023 -1.962892
-1.084355 -1.302658
-0.398992 -0.573427
0.208164 0.353375
0.416158 0.473257
0.215808 0.306702
-0.594748 0.612349
-0.582815 -1.123020
0.413164 -0.497501
-1.487674 -1.629237
-1.847798 -1.480056
-0.960472 -1.090699
-0.350012 -0.336047
-0.578134 -0.503754
0.091560 -1.295866
-0.487691 -1.609127
-1.456689 -1.590533
-1.593686 -1.232814
0.040984 0.674007
0.438470 1.200198
0.394993 0.351188
-0.709152 -0.395122
-1.297169 -1.875318
-1.302907 -0.201727
-0.748923 -0.617304
-1.424621 -1.641097
-1.171479 -2.314178
-0.676196 -1.588186
-0.134074 -0.547660
-0.167712 -0.063947
-0.853533 -0.827491
-1.150251 -1.510694
-1.481692 -1.200447
-1.270200 -1.134950
-0.551995 -0.816105
-0.558768 -0.960790
-1.427924 -1.794895
-1.141613 -0.849066
-0.466836 -0.805030
-0.029271 -0.374261
-1.589013 -1.464677
-1.794795 -1.681841
-1.126382 -1.298778
-0.245651 0.205876
-1.159639 -0.152407
-1.216082 -1.002017
-0.667438 -0.979989
0.321626 -0.222388
-0.059396 -0.479431
-0.718848 -0.771307
-1.428334 -1.601789
0.427254 0.136340
-0.379594 0.322994
0.307428 -0.036697
-0.735111 -1.076342
-0.681993 -0.660308
-0.871971 -0.831224
-0.599101 -1.030865
-0.051111 -0.515269
0.148401 0.640032
-0.025253 0.404406
0.750984 0.005270
-0.342936 -0.565599
-0.066957 -0.753364
-1.764680 -1.469426
-2.040093 -2.759862
-0.982077 -1.492469
-0.402115 -0.765433
0.563973 0.782380
-0.165300 1.082389
-1.062439 -0.176765
-0.951895 -1.457154
-0.784856 -0.751577
0.680861 0.835553
0.096899 -0.592937
0.032735 -0.206172
0.403485 0.651273
0.280171 0.579927
-0.956382 -0.049662
0.560690 0.344557
0.976107 1.517099
-0.517688 -0.880457
-1.205814 -0.363424
0.189338 0.133472
0.315586 0.081851
-0.640368 -0.191230
-1.549863 -1.347945
-1.271102 -0.555071
-0.115805 -0.236631
-0.397718 -0.830531
-1.558325 -1.389137
-1.504346 -1.050091
-1.203673 -1.241120
-0.801504 -0.372177
-0.544607 -0.458227
-1.183389 -0.975579
-0.908102 -1.530360
-1.095099 -1.011156
0.110338 0.425247
0.162827 -0.248587
-0.219577 0.213133
0.192216 -0.223465
-0.962114 -0.356493
-1.670846 -0.848381
-1.108195 -0.668569
1.052347 -0.152792
-0.222354 -0.127613
-1.049645 -0.597798
0.231198 -0.644324
-0.192167 -0.070510
0.070563 0.327832
-0.496828 -0.508328
-2.355571 -2.369668
-0.563450 -0.967232
0.936692 1.228117
1.247012 1.988813
-0.861730 -0.295427
-2.212215 -1.950304
-1.426624 -2.722883
-0.903149 -0.535155
-1.150520 -0.689935
-0.786672 -0.652051
-0.013807 0.190729
1.448116 0.610026
-1.478094 -1.246795
-0.637520 -0.801362
0.225848 0.539971
-1.365420 -1.526319
-2.168151 -2.792168
-0.654239 -0.164747
-0.499471 -0.335603
1.016203 0.217360
1.461844 1.190002
-0.285657 0.743769
-0.320839 -1.336183
-2.255924 -3.053097
-1.549093 -2.014073
-1.898617 -1.525775
-0.058347 -0.096334
0.480836 -0.199884
-0.721156 -0.535749
-1.244515 -1.196902
-1.067921 -0.145905
0.453284 0.015677
-0.447256 -0.605056
0.374361 0.259116
-0.918850 -1.226018
-1.770811 -2.042130
0.177533 -1.104965
-0.056346 0.219186
1.785143 3.027034
0.154839 1.604996
-0.442128 -0.248718
-0.372201 -1.191894
-0.849312 -0.842864
-1.559314 -1.478706
-0.286763 0.984774
0.271529 1.361778
-0.400840 -0.665937
-2.173256 -3.570580
-0.841717 -0.660073
0.127969 0.869386
0.043237 -0.258499
-0.839232 -1.339545
0.309876 -0.583257
-0.563512 -0.219937
-0.171524 -0.746890
-0.252020 0.025680
-1.079845 -1.153826
-2.144530 -2.907815
-3.137536 -2.609202
-1.515973 -0.855077
0.627728 2.338487
1.007773 1.793998
-1.391471 -0.990908
-2.640499 -3.448277
-1.880048 -1.785645
0.595260 1.428880
1.954469 1.725340
-0.851058 -0.126622
-1.965319 -1.527782
-0.653195 -1.218042
-2.816075 -3.437990
-1.675555 -2.784806
-0.630256 -0.417740
1.338081 0.699154
-0.299852 0.048240
-1.766381 -1.482483
-1.113826 -0.790796
1.500540 1.108365
2.141848 1.177738
2.542718 1.976840
1.342612 1.857423
0.092076 0.289388
-1.504475 -0.532399
-0.715826 -0.708700
0.386481 0.732382
-0.606878 -1.233151
-2.165021 -2.977620
-2.699909 -3.256139
0.646089 0.891023
0.130568 0.718161
0.386879 0.595719
0.172737 1.516905
-1.097449 -1.580266
-1.081468 -1.092977
-0.675695 -1.008593
-0.400445 -0.239918
-0.578085 0.319637
-1.379166 -1.161982
-0.704042 -1.437193
0.504129 0.020381
-1.089406 -1.558090
-0.220616 0.610312
0.658224 1.449816
1.011684 1.544519
-1.089289 -0.555046
-1.392491 -1.436713
-1.153886 -0.918080
-1.320704 -1.579314
-0.414876 -1.262943
-0.601323 -0.945656
-0.496779 -0.771571
-1.051041 -0.800381
-1.458375 -0.890499
-1.456877 -0.824874
-0.424772 -0.516160
-0.205688 -0.198566
-0.368255 -0.325198
-1.425551 -1.427667
-2.061742 -2.194168
-0.979826 -1.069693
0.442852 -0.133398
0.135356 -0.077916
-1.206264 -1.100608
-1.093045 -0.999056
-0.633784 -0.801905
-0.303217 -0.573391
0.746726 0.476429
0.748194 0.277396
0.042060 0.927723
-0.556774 -0.532463
-2.239727 -2.022230
-0.833575 -1.198847
-0.388140 -0.414412
-0.845698 -0.318655
-1.173137 -1.339595
-0.267664 -0.947069
0.599032 1.317293
-0.002830 0.542169
-0.848280 -0.641553
-1.101726 -0.946469
-0.636204 -1.140393
-0.394747 -0.389314
-0.798362 -1.143194
-1.293745 -2.374170
-1.405589 -1.158671
-0.651457 -0.716806
-0.305037 -0.959908
-0.449066 0.033941
-0.256166 -0.577707
-0.976647 -1.263255
-1.472793 -1.984551
-0.140122 0.524796
-0.736548 -0.643641
-0.437648 0.306777
-0.900946 -1.085223
-1.152437 -0.560223
-1.061624 -0.581129
-0.494762 -0.524004
-0.856538 -1.506671
-0.510285 -0.291080
-0.129638 -0.579458
-1.647431 -1.775962
-0.362388 -0.008004
-0.565848 -0.624103
-0.786873 -0.714459
-1.053260 -0.896444
-0.823462 -0.469417
-0.836865 -0.090266
-0.167339 -0.324947
-0.173203 -0.274669
-0.989346 -0.323604
-0.062593 -0.556415
-1.651810 -1.469079
-0.588539 -1.048404
-0.239042 0.692111
0.137234 0.917558
-0.281954 -0.512869
-1.000349 -0.018576
-0.694423 -0.624186
-0.251020 -0.956872
-1.098110 -0.864967
-1.120766 -0.577890
-0.089330 0.080601
-0.576505 -0.549786
0.604397 0.371302
0.257055 -0.438484
-0.580171 -0.600228
-1.232770 -0.390689
-1.709034 -1.191906
-1.125176 -0.747752
-1.411417 -1.161707
-0.226494 -1.388759
-1.042366 -0.666217
-0.697081 -0.702916
-0.185531 -0.164718
-0.335137 -1.651038
-1.227061 -1.649127
-1.654681 -1.986660
-1.145681 -1.518508
-0.465550 -0.434336
-0.579999 -0.158383
-0.497303 -0.910512
-0.744853 -0.311084
0.195725 0.188059
-0.870193 -0.373177
0.012530 -0.575767
-0.166110 0.220904
-1.916253 -1.912010
-0.174311 -0.768822
0.479738 -0.737584
0.171781 0.128520
-1.402117 -0.041887
-0.639905 -1.180703
-1.844143 -2.674592
-0.160387 -0.214579
1.041871 1.086697
0.221291 0.110483
-1.264003 -1.631452
-1.125421 -1.218098
0.768703 0.949801
0.704531 0.145464
-0.545279 0.226110
-0.410123 -0.079914
-1.621148 -1.331113
-2.860738 -2.946331
-1.120481 -1.651818
0.143709 -0.220481
-1.408346 -0.869294
-0.335288 -0.240749
0.227820 -0.039266
-0.379344 -1.249389
-1.247259 -1.126029
-0.331776 -0.305388
-1.503676 -0.901558
-0.632007 -1.308330
-0.885711 -1.623226
-1.016071 -1.712625
-1.096879 -0.247672
-0.193787 0.221792
0.393594 0.673634
-0.649833 -0.198783
-0.861035 -0.946462
-0.279448 -0.471312
1.245044 0.748939
0.728294 0.826832
-1.187538 -1.075984
-1.476210 -2.466262
-2.092364 -1.334858
0.122101 -0.508248
1.204921 1.662612
-0.057493 -0.454343
-1.821486 -2.131743
-1.765220 -1.835855
-1.692244 -2.115365
-0.349750 -0.875990
1.275564 1.927785
1.580866 1.902319
0.293178 0.890623
-0.802043 -0.746920
-1.186984 -1.490255
-0.084930 -0.157120
0.153728 -0.109627
-0.138894 -0.184326
0.313415 0.762345
-0.775823 0.444479
-0.318942 -0.290860
-1.204862 -1.855796
-1.340449 -1.841605
-0.831990 -0.716899
-0.529367 -0.960200
-0.485427 -0.234046
-0.169190 -0.299116
-1.386955 -0.612310
-1.271594 -1.339939
-0.048730 -0.699984
0.864165 1.897538
1.906901 1.066602
-1.566671 -1.489812
-0.259896 -0.591657
0.328154 0.548479
-0.491729 -0.389988
-0.973394 -0.757391
1.175023 1.094604
-0.570190 -0.525420
-1.354032 -2.283637
-0.654698 -1.147471
-1.803628 -2.110546
0.324127 1.313618
1.304988 1.065935
0.142643 -0.446581
-1.598343 -1.252655
-2.538624 -2.114979
0.544310 -0.247350
-0.092559 -0.883998
-2.101088 -3.370343
-1.302171 -0.772358
0.653578 0.988515
-0.960749 -0.463869
-2.006711 -2.616232
-1.747964 -2.538938
-1.791184 -2.015906
0.118260 0.496191
0.349035 1.182446
-1.096019 -1.479503
-2.102232 -1.263863
0.139007 0.453310
-0.987507 -0.845355
-0.447878 -0.419076
-0.797908 -0.789345
-1.328483 -1.718889
-0.813882 -0.706440
-0.701501 -0.542287
-0.310706 0.786274
0.791128 0.663445
0.130820 -1.187965
-0.349521 -0.718126
-1.132616 -1.775016
-1.407199 -2.268191
0.238836 0.314317
0.514038 0.416634
-0.002822 -0.269403
-0.944076 -0.838763
-0.533451 -0.197121
-0.595449 -1.047576
-0.977503 -0.414871
-0.394893 -0.207037
-1.236477 -1.487472
-0.986450 -1.255484
-0.656906 -0.755638
-0.428170 -0.796720
-0.649942 -1.719650
-0.016885 -0.107549
-0.497920 -0.083764
0.061345 0.010283
-0.612390 -0.349581
-1.611078 -0.798832
-0.985804 -0.431922
-0.356490 0.049540
0.125103 0.231455
-0.050733 -0.882004
-0.359560 -1.107820
-0.285810 0.369519
0.162289 -0.537912
-0.077713 -0.899108
-1.248092 -1.447878
-1.196337 -2.062056
-1.472805 -1.624359
-0.440604 -0.131881
-0.830833 -0.814339
0.571671 0.793795
0.340973 0.724762
-0.552579 -1.017419
-0.217677 -0.941849
-0.745992 -1.875521
0.575224 -0.183682
-0.741343 0.375834
-1.186004 -0.333708
-1.677470 -1.274946
-1.078632 -1.270625
-0.466164 0.227232
-0.308478 0.047105
-0.023627 0.142927
0.836286 1.237807
-0.968572 -0.014932
-1.409770 -1.923196
-1.808249 -2.216301
-1.380735 -1.998275
-0.153642 -0.481736
-0.119563 0.408360
-0.715824 -1.387069
-0.572089 -0.834181
-0.557179 -0.149903
-1.030884 -0.563203
-1.313682 -1.314611
-0.541197 -1.814215
-0.036906 -0.052861
-0.469812 -0.569367
-0.447879 -0.778995
-0.559278 -0.626644
-0.481803 -0.638098
-0.630817 -0.330976
-0.695057 -0.348130
-1.280437 -1.642451
-1.317927 -0.440578
-0.317127 -0.555006
-0.057218 0.583646
0.136256 -0.359395
-0.916558 -0.527347
-0.907307 -0.683913
-0.896484 -1.242232
-0.294824 -0.637668
-0.104314 0.012006
-0.318758 -0.216517
-0.125641 -0.344863
-0.340193 -0.343101
-0.912314 -0.605851
0.650523 1.456357
0.378293 1.000767
-0.337215 -0.663531
-0.296195 -1.038163
-0.407530 -0.136945
-1.031233 -0.654238
-1.430922 -2.073991
0.392943 0.253683
1.780379 2.087692
1.191450 0.686644
-1.396447 -1.651955
-1.121155 -1.458229
-0.416217 -0.901761
0.164949 -0.327209
0.143115 -0.453124
-1.058103 -1.247276
-1.692717 -2.766854
0.437817 -0.024415
0.217030 0.578181
0.193419 0.885771
-2.298885 -2.640147
-0.762572 -0.829670
0.378754 0.462120
-1.311492 -0.809406
-0.738733 -0.629821
0.974465 0.038490
0.618552 0.623629
1.616180 2.537355
1.785655 2.431896
-0.698930 -0.582061
-2.841173 -2.463377
-1.229520 -0.689561
-0.645042 -1.367440
-2.369732 -2.869379
-2.371136 -1.470901
-1.105804 -1.329227
-0.421976 -0.764872
-0.769622 -0.968660
-0.688670 0.170011
-0.143588 -0.298694
-0.154538 -0.313700
-1.316880 -0.855506
0.732606 -0.122112
1.153590 0.343709
0.317210 -1.639385
-1.986411 -2.725115
-0.941008 -1.438237
-0.412361 -0.263840
-0.203535 -0.421645
-0.161876 -0.458024
-1.437552 -0.501633
-1.203414 -1.465319
-0.779442 -1.735143
-0.633366 -0.540123
-1.137768 -1.603242
-1.194606 -1.601116
-0.499462 -1.261028
-1.719272 -1.057362
-0.086375 -0.738148
0.920207 0.473476
0.816121 2.564767
0.103814 1.800814
-1.509005 -1.768706
-1.700873 -3.018565
-1.764166 -1.675881
1.472868 1.500248
0.956202 0.859441
0.499729 -0.033607
0.370768 0.743683
-0.499886 -1.525803
-1.439428 -1.471303
-2.049181 -1.195182
0.276941 0.241793
-0.712787 -0.550354
-1.454134 -0.666253
-0.406805 0.159963
1.309969 0.976653
0.728220 1.413315
-1.392928 -1.242682
-2.526458 -2.831648
-0.727486 -0.062887
-1.778897 -1.849070
-2.592516 -3.050528
-1.377986 -3.029927
0.096739 -0.049205
0.388585 1.564994
1.321756 0.655414
-1.041033 -1.574017
-2.450279 -1.616784
-1.467780 -0.665139
-1.220690 -0.334574
-0.127132 -1.420232
0.406981 -0.248408
-0.846194 -1.579130
-2.586572 -2.876963
-2.828824 -2.962200
-1.026063 -1.551205
-0.255233 -0.091042
0.087852 0.176950
-0.461548 -1.151124
-1.462682 -2.044284
-1.597391 -1.902668
-0.250582 -0.036203
-0.535616 0.081936
0.407117 -0.324513
-0.274227 -0.944922
-0.945408 -2.467874
-0.935434 -1.506990
0.657644 1.471514
-0.384133 0.190352
-0.844118 -0.645688
-0.617985 -0.894723
-0.140995 -0.963438
0.182729 -0.407611
0.278738 0.302908
-1.412016 -1.357621
0.383203 0.109440
0.136987 1.324933
-0.019061 0.153283
-0.915784 -1.580859
-1.112075 -1.464059
-1.266676 -1.218275
-0.432289 -0.628612
-0.529504 -0.770595
-0.856039 -0.752975
0.425822 0.847481
0.724219 0.253389
0.503219 -0.172701
0.184034 0.192955
-1.287356 -0.858232
-0.696818 -1.074764
-0.007444 0.229742
0.742278 -0.310392
-0.403650 -0.026547
-1.190648 -1.364311
0.079090 -1.139027
-0.752094 -0.939120
-1.253770 -2.184093
-0.925541 -0.793585
1.155252 0.893561
0.799904 1.453679
-1.137782 -0.501162
-1.792708 -1.508027
-1.125279 -1.486391
-0.923607 -0.973806
-0.358662 0.424897
-0.450041 -0.036049
-0.593624 -0.784025
-1.487800 -1.761250
-0.999922 -0.467822
0.077738 -0.637859
0.164146 0.452632
-0.287088 0.156795
-1.127600 -0.221183
-0.634493 -1.164062
-0.598889 -0.873700
0.842208 1.069176
-1.007189 -0.134973
-1.039517 -0.331003
-0.402548 -0.201180
-0.041946 0.302942
0.230965 0.298115
0.393253 0.661563
0.513809 0.915154
-0.306342 -0.111937
-0.034490 -0.872772
-1.511108 -1.314809
-0.760329 -0.008244
0.299585 0.997282
0.450505 1.399401
-0.900349 -0.490123
-0.895870 -1.654478
-0.328163 -0.349632
-0.215672 0.202649
0.202771 -0.434903
-0.122194 -0.078573
-0.397334 0.122878
0.222856 -0.248011
-0.625633 -0.935323
-1.555903 -1.302485
-0.603386 -1.161988
-0.743351 -1.109481
0.142279 0.579457
-1.111160 -1.046239
-0.218079 -0.312637
-0.257792 -0.028152
0.019073 0.459925
0.123183 -0.557612
0.405569 -0.817077
-1.364881 -1.641756
-0.400142 -0.304989
-0.409573 0.578651
-1.436620 -0.526576
-0.873705 -1.027245
0.231687 0.513759
-0.359760 0.187459
-0.205821 -0.050241
-0.874788 -0.998990
-1.005785 -0.894226
-0.336409 -0.261980
0.593656 0.711073
-0.886651 -1.316975
-0.650992 -0.406497
-0.504693 -0.852747
-1.051779 -1.490285
-0.974646 -0.787870
1.293627 0.516262
-0.346566 -1.264517
-1.376527 -1.625598
-1.783294 -1.722592
-1.803286 -2.365778
0.747004 0.792211
0.659073 -0.331359
-0.029225 -1.207484
-1.098413 -0.863636
-1.562133 -1.087106
-0.611808 -0.261029
0.155483 0.288065
-0.625284 -0.665812
-0.567850 -0.697783
-0.380261 -0.181919
0.495108 1.871925
-0.093359 0.568790
-1.255479 -1.852401
-1.564113 -1.893670
-1.834074 -1.761701
0.494683 0.364009
0.659950 0.047230
1.576033 1.056642
-1.280704 -1.068612
-1.301848 -0.079401
-0.160535 -0.146031
-0.665408 -0.915614
-0.540638 -1.257798
-0.758267 -0.124392
-2.016396 -1.683643
-1.544876 -1.685670
0.773033 0.071564
-0.681810 -0.750138
-0.697053 -1.115384
-0.635885 0.494652
1.321430 1.950107
1.082381 1.606883
0.009255 -0.500602
0.007947 0.096461
-0.088723 -0.226259
0.387861 0.418804
-0.857989 -0.959597
-1.247216 -1.287477
-0.269772 -1.075756
0.631950 0.864104
0.210439 -0.146099
1.950309 2.032788
-1.168560 0.164397
-1.870402 -1.378093
-0.713309 -1.067558
0.355889 0.236582
0.515469 -0.160618
-0.889796 -1.418865
-0.698709 -0.821496
-1.348480 -1.443441
0.097902 0.573445
1.235586 1.001303
-0.549218 -1.352451
-1.570719 -1.931174
0.013683 0.237843
0.729160 0.865816
0.115893 -0.341577
-0.393815 -0.742799
0.108042 0.540249
-0.366225 -0.931196
0.406528 0.398723
-0.393661 -0.188323
-1.652301 -1.093813
-1.477144 -1.144874
-1.280540 -0.244738
-0.660657 -0.633213
0.036632 -0.330205
0.160601 -0.460513
-0.356276 -0.095353
-1.089410 -0.396147
-2.566413 -2.329649
-0.877312 -1.520392
0.332491 -0.981283
-1.881290 -1.906115
-2.499741 -2.481096
-1.361068 -2.231618
-1.019021 -0.958375
-0.284244 -1.113733
0.189836 -0.639092
0.420080 0.535240
-0.114257 0.471431
-1.263860 -0.646810
-0.198962 0.966618
1.217443 1.682641
0.838296 1.039979
0.792191 0.200232
-1.629143 -2.198778
-1.613929 -0.996248
0.429718 0.362834
0.526131 0.885506
0.174004 0.271678
0.094300 0.248395
0.320174 0.569563
1.408343 1.835199
-1.267988 -1.155180
-2.720804 -2.306411
-1.156167 -1.579176
-0.400809 0.258048
0.462572 0.704281
0.206888 0.442180
-1.301917 -2.026064
-2.027056 -2.611420
-1.816541 -1.278634
-0.088437 1.003266
0.201188 0.087194
0.249733 0.350688
-0.673638 -0.369651
-1.479587 -1.595051
-0.644979 -1.150201
0.296655 0.545798
0.001625 -0.147314
-0.648667 -0.664200
-0.811088 -0.992750
-1.285857 -1.433886
-0.176155 -0.492861
-0.805226 -0.662060
-0.919741 -0.838086
-1.236975 -0.590877
0.246235 0.195798
0.474690 -0.323314
-0.892951 -0.786177
0.074962 0.291340
-1.258509 -1.456358
-1.262307 -1.697131
-0.317152 -0.712358
-0.044494 -0.549737
0.637748 -0.286109
0.131121 1.152427
-0.382364 -0.235465
-1.695127 -1.139281
-0.964258 -0.144570
0.020161 -0.034718
-1.052494 -1.658505
-1.794349 -2.523548
-2.184445 -2.033691
0.022087 -0.459627
0.170508 -0.210240
0.583512 0.930848
-0.037797 0.540026
0.175505 0.035120
-0.056031 -0.316615
-0.988725 -0.556276
-1.491680 -1.259308
-1.157830 -2.225149
-0.550057 -1.597534
-1.277663 -0.970822
-1.249211 -0.301999
-0.232581 1.083025
0.282721 1.413693
-0.113666 -0.431248
-0.703366 -1.504651
-0.515326 -1.819025
-0.996372 -0.811526
-0.953804 -0.769026
-0.069902 -0.424624
0.043986 0.093596
0.260263 0.420614
-0.406062 -0.241124
-1.012834 -1.216784
-0.600241 -1.176903
-0.496694 -0.426999
-0.551707 -0.171727
-0.885196 -1.087960
-0.208747 0.017604
-0.424538 -0.742166
0.029447 -0.486072
-0.149239 0.422166
0.257685 0.302618
-0.651039 -1.312927
-0.403789 -0.310260
-0.743259 -1.180598
-1.300492 -0.977137
-0.023032 -0.644564
-0.100155 0.086158
-1.074224 -0.529637
-0.606920 -0.241921
0.860074 0.421555
0.199881 0.943986
0.199192 0.267148
-0.734352 -0.874211
-1.013564 -1.587062
-1.918381 -1.541737
-0.853681 -1.803885
0.314332 -0.231288
0.028088 -0.335319
-0.001147 -0.537538
-0.933421 -1.530771
-0.107779 -0.803327
-0.213648 -0.935423
-0.635658 -1.069025
-1.117346 -1.463574
-0.981644 -1.359476
-1.531080 -1.834962
-0.447957 -0.482030
0.928780 0.710079
-0.454890 -0.173369
2.331494 2.045506
-0.577506 0.749298
-1.782959 -1.466863
-0.805016 -1.218035
-0.587053 -0.824534
-0.622228 -1.186811
-0.951718 -0.352709
-1.108704 -0.859137
-0.311927 -1.641845
-0.706516 -0.854916
-0.523972 -0.181477
-0.910360 0.528038
-0.521198 0.678708
-1.814651 -1.963613
-0.403516 -1.020165
0.097343 -0.407651
-0.191996 -0.189444
-0.907817 -0.739360
-0.053131 0.105322
-0.677143 -0.484717
1.032233 1.114288
-0.212970 -0.034011
-1.031324 -1.573956
-1.685207 -0.991266
0.115157 1.348194
1.272697 2.332536
-0.859013 -1.000517
0.009066 -0.589571
1.073638 0.549241
-0.141435 -0.269046
-0.509333 0.896424
-0.546754 -0.713847
-1.281980 -1.557327
-0.592620 -0.958731
-1.221906 -1.116807
-0.060137 0.731175
-0.583686 0.226272
0.236079 1.047074
0.894613 0.231725
-1.591491 -2.298702
-0.754573 -1.103243
0.980781 0.813763
-1.381090 -2.385016
-2.109308 -3.270070
-0.524591 -0.644007
0.888370 0.395871
-1.137174 -0.935650
-1.539579 -1.611619
-2.381777 -2.503837
-2.165333 -2.454388
-0.191885 -0.677985
-0.902979 -1.311613
-2.239081 -1.620333
0.330198 -0.087887
1.298215 2.282493
0.353424 1.258786
-0.206368 -0.440017
-1.305242 -1.266464
-0.217613 0.796260
0.888011 2.146214
-0.222343 0.262989
-1.923573 -2.455237
-2.433354 -3.010846
-1.462209 -1.013591
0.338098 0.159408
1.021733 1.545861
0.411881 0.501165
-2.688023 -1.797884
-3.069153 -3.275709
0.952195 0.429542
2.017751 1.780482
0.816016 1.372273
-0.656005 0.005904
0.589450 1.123630
-0.856480 -0.970511
-1.263300 -1.120547
0.899098 0.856384
0.961091 1.376185
1.276098 0.702463
-1.207642 -1.292231
-1.975442 -2.286722
0.993954 1.795899
2.237498 3.380938
0.598267 -0.467338
0.320879 -0.760302
-0.442693 -1.025498
0.119809 0.882743
1.327296 2.635758
0.004545 0.285692
0.300516 -0.778700
0.714015 0.825898
-1.283082 -0.550183
-0.458856 -0.330984
-1.796362 -2.042573
-2.011554 -2.965676
0.240529 -1.332696
2.500155 2.509359
1.666069 1.720488
-0.107833 0.883604
-2.586316 -2.603630
-1.520608 -2.695796
0.306820 -0.643275
0.429343 0.617102
-1.251875 -0.913554
-1.726798 -2.611539
-1.148998 -1.126534
0.460640 0.511156
0.104394 0.274179
-0.564820 -1.608229
-1.257601 -1.500137
-0.275181 -0.607233
-0.963648 -0.585907
-0.426361 -0.443413
-0.065232 0.536247
0.522387 -0.138681
0.044651 0.274309
0.387887 -0.310630
-0.595119 -1.126163
-0.159254 -0.609366
0.503742 1.029556
0.172428 0.222548
0.030992 -0.104471
-1.307752 -1.234569
-0.690934 -0.116990
-0.362418 -0.192916
-0.378408 0.067821
0.176848 -0.051303
-0.091911 0.536767
-0.530802 -0.390625
-0.155374 -0.098324
-1.421497 -1.586379
-0.388368 -1.036235
-0.272500 0.096267
0.575178 0.581986
0.635927 1.064674
-0.311410 -0.276917
-0.515738 -1.349830
0.134003 -0.197811
-0.043160 -0.344308
-0.439173 -0.589016
-1.536493 -1.447362
-0.578222 -0.390781
0.372910 0.199768
-0.688737 -0.877315
0.314865 0.966931
-0.168383 -0.201281
-0.206025 -0.398766
-0.259447 -0.176479
0.243596 0.404285
-1.156780 -1.067481
-1.368845 -2.368564
-1.629467 -2.300825
-0.215089 -0.218617
0.725876 0.308690
-0.378142 -0.473602
-0.576132 -0.605600
0.031403 -0.248235
0.264292 -0.067503
0.042561 -0.105702
-1.723483 -1.926949
-1.862309 -2.972562
-0.506181 -0.688344
-0.374694 -0.100634
-0.901044 -0.555783
-1.108254 -0.460902
-0.726185 0.248695
-0.672826 -0.247553
-0.161245 -0.405101
0.027132 0.680665
0.484266 0.813494
-0.088728 0.266016
-0.595340 -0.398966
-0.890333 -1.137866
-1.361895 -1.331768
-0.717049 -1.040797
-1.438725 -1.580463
-1.033045 -1.644666
0.563149 -0.018791
-0.471355 -0.612155
-1.392332 -1.514693
-1.071544 -1.049667
0.103377 -0.118525
-1.044370 -1.417961
-0.550039 -0.966044
-0.195540 -0.621511
-0.342642 -0.430211
-0.896173 -0.575269
-0.905234 -1.589646
0.232614 -0.355555
-0.482906 -0.952410
-1.768154 -2.066461
-1.578192 -1.789251
-1.325348 -2.192948
0.185044 0.265130
-0.039945 -0.287148
-0.799277 -0.865293
-1.893125 -2.179730
-0.257018 -1.103208
-0.187100 -0.338528
-0.209845 -0.314875
-1.067194 -1.209874
-1.215790 -0.816301
0.729484 1.043182
1.271275 0.787857
0.911030 0.487844
-0.857828 -0.948392
0.316458 0.161935
-1.965292 -1.300871
0.772971 1.548674
0.333525 0.303311
-0.246079 -1.430698
0.199347 0.239361
-0.005339 -0.505747
0.689156 0.192880
-0.721595 -1.756909
-0.054477 -0.137486
0.649508 1.060750
-1.633601 -1.616164
-2.384317 -3.073977
-0.600773 -1.216957
0.059939 0.166491
-0.098256 -0.863706
-1.250984 -1.170070
-0.386468 -1.108446
1.372229 1.291345
1.391528 1.584282
0.496045 0.944508
-0.697343 -1.549194
-0.847276 -0.480991
-1.917847 -2.601816
-0.349531 -1.180381
0.054549 0.364024
-1.795070 -2.153090
-2.438521 -1.730810
-0.893804 -0.644721
-0.387849 0.041303
-1.313947 -2.812738
-0.936320 -1.096325
-1.914308 -2.463545
-0.248692 0.051530
0.607555 0.272237
-0.119806 0.436025
-1.115452 -0.805609
-1.121435 -1.997949
-2.120324 -2.985433
0.342814 1.253881
1.739745 2.435050
1.222585 0.506057
-0.287624 0.116883
-2.517589 -2.247132
-2.493240 -2.255747
-0.453516 0.285902
-0.083959 0.022886
0.992454 0.695170
0.473734 0.282847
-1.040116 -1.494275
-2.846199 -2.967480
-2.222147 -3.615184
-0.087246 -0.479407
0.541240 0.873106
-1.503945 -1.008979
-0.460125 -1.081847
-2.440379 -2.817940
-0.965033 -1.548183
-0.740092 -0.459486
-0.767275 -1.794037
0.156854 0.172783
1.032423 2.408866
0.634910 0.548112
-0.766695 -2.034584
-0.101808 -1.000658
-0.567456 -0.582893
0.258213 0.789738
0.645116 1.293328
-0.204137 -0.633162
-0.914534 -1.581641
-1.771735 -1.738819
0.593334 1.017676
0.011176 0.349060
-1.072971 -2.285687
1.147346 1.084995
0.168098 0.994212
0.341288 -0.466854
-0.680444 -0.892228
-1.386602 -2.285253
-1.387097 -0.126405
0.799620 1.510542
-1.491793 -1.909706
-2.714817 -2.425322
-1.143802 -0.982278
-0.165319 0.971986
-0.271366 -0.135677
-1.165019 -1.024999
-3.562202 -3.510886
-1.108310 -2.040179
0.429338 0.131777
1.844255 2.501221
1.221140 0.521444
-0.230995 -0.829415
-1.613712 -2.225644
-1.422524 -1.506752
-0.075448 -0.553092
-0.490458 -0.932492
-1.650242 -1.335539
-0.587935 0.215493
-0.431586 0.001691
-0.661730 -0.475155
-1.198828 -1.812099
-1.581680 -1.825099
-0.405654 -0.146339
-1.199322 0.037135
-1.021774 -0.356986
-0.361626 -0.720509
-0.418668 -0.530552
-1.362344 -1.501070
-0.646969 -0.675963
-0.636359 -0.623275
-0.384474 -0.770823
-0.276570 -0.819647
0.134922 0.046951
-0.118701 -0.797968
-1.020018 -1.730719
-1.418162 -1.950757
-0.625617 -0.751786
-0.860387 -0.603593
-0.519515 -0.182519
-0.690384 0.038749
-0.836842 -1.208795
-1.090401 -1.458491
-1.233845 -1.804278
-0.917298 -0.993642
-0.405947 -0.307020
-0.470009 -0.457947
-0.889151 -0.915512
-0.567684 -1.115061
-0.299653 0.932445
0.051865 0.092634
-0.779193 -0.147827
-0.673833 -0.693945
-1.093587 -0.916619
-1.193778 -1.308561
-1.233422 -1.472049
-1.105869 -1.363099
-0.676485 -1.915548
-0.175998 0.206105
0.301465 0.389277
-0.111538 0.286704
-1.007586 -1.457827
-0.537759 -0.200467
-1.266637 -0.443574
-0.059481 0.287942
-0.149903 0.224612
-0.476337 -0.968300
-1.377367 -0.560916
-0.938206 -0.006213
-0.468671 0.174390
0.086015 0.586320
-1.101140 -0.846138
0.044907 -0.140513
-1.344313 -1.513938
0.194747 -0.775460
0.165576 -0.933413
-0.550725 -1.049317
-0.151182 -0.590550
-0.375822 -0.356893
-0.666139 -0.778637
-0.974463 -1.491827
-0.028503 -0.142374
-1.241297 -1.140388
-0.424506 -0.655819
0.503536 0.760858
0.671482 0.706156
-0.445470 0.009065
-1.973598 -2.523412
-1.909084 -2.047617
-0.818995 -0.370515
-0.735908 -0.716380
-0.481296 -1.399998
-1.106504 -0.441478
-0.289385 -0.931417
-0.364004 0.300014
-0.412874 -0.486988
-1.318039 -2.414515
-2.437979 -2.726611
-0.357311 -0.906009
0.530427 1.146933
-0.278365 0.091549
-1.830509 -1.257704
-0.615753 -0.546800
-1.406618 -0.984361
-0.994564 -0.575809
0.498828 0.908403
-0.613768 -1.695204
-0.933422 -1.427066
-0.969771 -0.870985
-0.498064 -0.350907
0.189595 0.054924
-0.084547 -0.084412
-1.072612 -1.019088
-0.587586 -0.362102
0.359497 1.143752
1.339535 1.882540
-1.441691 0.421058
-0.535400 -0.418593
-0.839187 0.163876
-1.560654 -0.760625
-1.353090 -2.250772
-1.095839 -1.984368
0.605179 0.702087
1.227902 1.325931
-0.124042 -0.818517
-1.332821 -2.286902
-0.480630 -0.519771
-1.162270 -2.451744
-2.191780 -2.542610
-2.353009 -2.556138
-0.851245 -0.881199
-1.827272 -0.487049
-1.886764 -2.304427
0.128025 -0.362561
2.928421 1.817137
-0.058222 -0.659917
-1.074191 -0.781116
-1.896043 -1.065702
-0.861573 -0.597887
1.032150 1.015853
-0.843209 -1.389758
-1.782770 -1.979933
-0.605961 -0.473062
0.763212 0.992701
1.702989 1.355182
0.905967 1.193901
0.619082 1.147764
-1.270442 -0.951686
0.111805 -0.276912
-1.109407 -0.610521
-0.096292 0.448624
-1.615873 -1.758571
0.095498 0.295799
0.825453 0.898337
-0.086488 -0.799662
-1.889299 -3.034490
-0.678740 -1.501456
1.092672 1.236392
-0.346370 -0.886690
-0.920986 -1.236326
-1.346407 -2.199906
-1.986217 -1.277390
0.018697 0.557863
-0.847356 -1.472836
-1.228382 -1.719590
-1.246286 -1.223320
-1.104457 -0.959333
-0.578346 -0.693243
-0.604192 0.457448
-0.841412 -0.364721
-1.338494 -1.039251
-0.412432 0.048972
-0.770581 0.156607
-0.068569 -0.559973
0.272447 0.533771
-1.513122 -1.421205
-2.902528 -3.350470
-2.394272 -2.797902
-1.633717 -1.051652
-0.252868 -0.134698
-0.368283 -0.242582
-0.189565 -0.182932
-0.252871 -1.354891
-1.044999 -2.464823
-1.411687 -0.823943
-1.150250 -1.056447
0.620194 0.389440
1.587208 1.483828
-1.989802 -1.862585
-0.652382 -0.361053
1.196930 0.820795
-0.436866 0.114159
1.173634 1.758741
0.816981 0.856833
0.549916 -0.245313
0.883201 -0.056352
-0.542251 -0.927393
-1.228895 -2.292918
-0.631227 -0.127859
1.527283 3.260264
0.305478 0.913523
-3.341847 -3.218557
-3.183136 -3.307076
-1.415253 -1.281905
-1.390873 -1.638434
-1.157673 -1.412132
-0.437065 -0.343444
0.119745 -0.592996
-1.345140 -1.949726
-2.194668 -2.825858
-0.635064 -0.831358
0.923645 1.154212
0.206059 0.159093
0.000315 0.522867
-0.644250 -0.485119
-0.132643 -0.055441
-0.518547 0.231170
-1.068552 -0.735188
-0.262664 0.369537
0.624446 0.322007
-0.627173 -0.699475
-0.954429 -1.326397
-0.760655 -1.180854
0.243896 0.350979
0.093237 0.150592
-1.091152 -0.511884
-0.450254 -0.594477
-0.714461 -0.296469
0.442667 0.643682
-0.949389 -0.730093
-1.455169 -1.383108
-0.868076 -0.045255
-0.475728 -0.649026
-0.274113 -0.475602
-0.084606 0.286569
-1.148378 -1.821166
-1.046230 -0.938693
0.512796 0.473429
-0.755368 -1.332080
-1.966560 -2.118679
-0.320529 -0.755535
-0.013496 0.341790
1.121612 1.108891
0.509587 0.990698
-0.764550 -1.992383
-0.596680 -1.136541
-0.768227 -1.858841
-0.311196 -0.542865
-0.286851 0.533852
0.657146 0.866952
0.072650 0.618149
0.093281 0.151315
-0.389322 -0.594332
-1.092995 -1.479191
-0.265404 -1.023555
-0.503049 -0.657080
-0.055872 -0.322619
0.406746 0.821512
-1.221084 -0.146324
-0.849344 -1.047217
-0.972371 -1.845035
-1.025154 -1.839571
-1.133945 -0.894088
0.226924 0.384842
-0.098035 0.035859
-0.936479 -1.890166
-1.377512 -1.910786
-1.783397 -2.193068
0.124213 -0.118729
0.484323 0.226361
0.355395 1.205866
-0.319253 0.715467
0.072619 0.267736
1.102669 0.615905
-0.221406 0.157347
-0.089350 0.114948
-0.698415 -0.634289
-0.451437 -0.580027
-1.003684 -0.606682
-0.667134 -1.026699
-0.991603 -0.563983
0.123012 0.870617
-0.837714 -0.312262
-1.842434 -2.148664
-1.845434 -2.386184
-0.289367 -0.636593
-0.887542 -0.294784
-0.064475 0.047957
-0.831712 -1.263220
-1.649172 -1.650324
-1.411918 -2.192709
-0.679847 -0.287232
0.772253 0.216346
-0.182835 -0.118859
-1.230653 -1.903039
-0.901709 -1.029053
-0.180383 0.340356
0.400554 1.240742
-0.671554 0.108267
-0.701751 -0.683209
-0.834027 -0.919800
-1.119251 -1.549587
-1.624105 -1.599867
-1.701832 -0.744201
0.361767 0.365475
0.479932 1.042405
-0.004791 0.294798
-1.236320 -1.193699
-1.569345 -2.613944
-0.444055 -0.667479
-0.762380 -0.994582
-0.713740 -1.183501
-0.018414 0.020976
-0.586065 0.136660
0.523072 1.716274
0.637528 1.575743
-1.680614 -0.849306
-0.687091 -1.315571
-2.049676 -3.269172
1.214425 0.985622
-1.884580 -0.916106
-2.900021 -2.376107
-3.302111 -3.748896
-0.649690 -1.379670
0.962936 1.672857
-1.403431 -0.310180
-0.534882 -0.996865
0.573832 0.967968
0.680152 1.685527
0.793239 2.046995
0.050632 0.419526
0.399936 -0.497912
-0.232176 -1.631866
-0.992421 -0.527411
-0.565276 -0.098862
0.315794 0.904616
1.396860 1.840963
0.192858 0.588092
-1.087203 -0.905012
-2.209007 -2.199699
-0.909810 -0.694856
0.220005 -0.093209
-0.142354 -0.046067
-0.828575 -1.535423
-0.957679 -1.240880
0.700712 0.451933
-0.885661 -1.702892
0.471298 0.730436
0.165414 1.312795
-2.076975 -2.670251
-2.486896 -2.773844
2.575003 2.584540
1.462533 1.715076
0.233661 0.834538
-0.427736 0.815896
-1.442990 -1.786330
-2.107477 -2.897962
-1.848329 -3.047959
-1.639922 -1.177402
-0.445482 0.418191
-0.011239 -0.789743
0.342431 -1.165073
-0.896212 -1.798303
-0.778254 -1.565658
0.625669 1.959668
-0.624847 -1.063827
-2.307420 -2.731229
-1.313064 -1.366021
-0.884076 0.092772
-1.969748 -2.276551
-1.722355 -2.585667
-1.405524 -1.305895
0.959788 1.472253
0.673940 0.890434
1.006360 0.203105
-1.282756 -1.152316
-0.808894 -0.982164
0.780872 1.479722
-0.420937 0.346642
-1.006787 -2.206652
-0.844359 -1.150867
0.419892 0.210088
0.861081 -0.485505
1.030915 -0.194554
0.629157 0.888822
-0.143981 -0.483387
-1.444430 -1.143044
0.255762 -0.329041
0.297327 -0.421421
0.200478 -0.997122
-0.929492 -1.142450
-0.232636 -0.199405
1.028803 0.834523
-0.853450 -0.417801
-0.385983 0.032950
0.680900 2.075152
0.648865 0.581976
-0.591343 -0.129907
-1.525257 -2.622850
-1.186587 -1.384441
0.004929 1.124958
0.848894 1.053795
-0.965780 -1.292360
-1.348279 -0.876514
-1.665925 -0.859884
-0.911188 -1.508673
-2.047098 -2.695116
-0.338778 0.130193
0.451374 2.148341
0.465800 0.909452
-0.146932 -0.591460
-0.960982 -0.296488
-1.772732 -2.211917
-1.570395 -1.602623
-0.362714 -0.177024
-0.296457 -0.440003
-0.891736 -0.861660
0.226423 -0.248311
-0.484506 0.240246
-1.394351 -1.853316
-1.657058 -1.814438
-0.329839 0.057692
0.296866 0.100946
-0.622304 -0.211995
-1.421191 -2.000493
-1.478017 -2.136037
0.193630 -0.519408
0.755504 0.575843
0.919230 0.706152
0.465773 1.110745
-0.079751 -0.187382
-1.591982 -1.388995
-0.102227 -0.257014
-0.188566 0.393013
0.264819 0.735226
0.045989 0.236252
-0.681216 -0.878096
-1.928538 -1.355043
-1.011180 -1.237097
-0.151911 0.493517
-0.178878 -1.085464
-0.976093 -0.962706
-0.429220 -0.873332
0.221362 -0.274076
-0.421974 -0.140285
-0.586314 -0.169325
-0.974554 -0.403940
-0.311328 0.373405
0.472808 -0.184237
-0.379236 0.101342
-0.200948 -0.103373
-0.291310 -0.404140
-0.695945 -1.103196
-1.283146 -0.632926
-0.879040 -1.010834
-0.965323 -1.277995
-0.403645 -0.476378
0.288707 -0.693791
0.040388 -0.497398
-0.293698 -0.259261
-1.986476 -2.214344
-0.546980 -0.924603
-0.028808 -0.096731
-1.508204 -1.631995
-0.899595 -0.441471
0.433497 0.024904
-0.754286 -0.971665
-0.203116 -1.679567
0.117568 -0.213733
-0.228690 0.574755
-0.683797 -0.272767
-0.173005 1.304734
0.402535 -0.001788
-0.605805 -0.515633
-2.329601 -2.846289
-1.916365 -2.647917
-0.667832 -0.176316
0.784091 0.775685
-0.009294 1.101302
-0.531111 -0.176574
-0.863083 -1.679275
-1.165156 -1.853235
-0.001556 1.074860
1.162366 0.896934
-0.391310 0.702160
-1.107754 -1.001621
-0.882367 -1.058370
-0.631143 -0.598723
-0.213316 -0.109983
-1.009215 -0.466801
-1.087707 -0.695664
-0.252631 -0.556395
-0.246893 -0.074301
-0.820510 -0.407587
-1.170887 -1.673421
-0.015140 0.177930
-0.099713 -0.013274
-0.671287 0.147048
-0.936424 -1.928648
-0.346079 0.139681
0.978523 1.247579
0.257004 -0.321464
-0.395735 -0.535086
-0.144992 -1.226218
0.555415 0.924025
0.377960 0.362966
-0.681756 -1.032036
-1.253671 -1.120265
-1.209612 -1.094416
-1.073821 -1.471792
-0.624222 -1.176088
0.459434 1.256554
-0.650585 -0.776373
0.440487 0.137734
-0.723045 -0.436919
-1.962824 -1.052746
-0.883929 -0.608639
-1.522035 -1.328859
-0.890946 -0.973057
0.507548 0.473023
-0.810448 -0.543139
-1.081645 -0.832970
-1.860414 -0.997059
-4.032315 -4.225010
-3.005068 -4.763151
0.550220 0.624031
0.438340 0.920054
1.715577 0.509572
1.256292 0.410761
-1.775666 -2.614641
-1.021065 -0.807799
-1.487994 -0.924850
-3.306573 -3.780247
-0.877406 -0.357744
1.764073 2.008551
0.261886 0.063400
-1.693763 -1.826832
-2.246291 -2.660415
-0.258873 -0.965517
-2.312220 -3.525519
-2.304421 -2.562284
-1.264263 -0.949029
0.165125 0.008865
0.084443 -0.084248
0.550164 0.611781
-1.509573 -1.864428
-2.265583 -2.730575
-1.941449 -2.724663
-0.193261 -0.333608
-1.074719 -0.889873
-0.606381 -0.761183
-1.002014 -1.838645
-2.664595 -4.298327
-3.453294 -2.989802
0.828725 0.763456
0.927243 1.457291
-0.020167 -0.465691
-0.153805 -0.710956
-3.163817 -3.652911
-1.872247 -1.971834
-1.303644 -1.276488
-0.443697 0.017358
-0.686371 0.196943
-0.914800 -1.285089
-0.014222 -0.216125
-1.375880 -0.180287
0.252609 1.530076
0.052684 0.466547
-2.201081 -2.377572
0.176861 -0.464690
1.564193 1.514563
2.571997 3.568828
1.157892 2.323188
1.558388 1.724509
0.608828 -0.176082
-0.184312 -0.174663
-0.840103 -0.294659
-1.634438 -2.497215
-1.359499 -2.006156
-0.803037 -0.248094
0.275715 0.241486
-0.645813 -0.872029
-2.002337 -1.797511
-2.177328 -2.113505
-0.104097 -0.545708
0.272421 1.342919
-0.373470 0.144906
-3.093192 -3.886768
-2.784332 -2.913740
0.077221 -0.573246
-0.028610 -0.143145
0.494522 1.247186
-0.010329 -0.827287
-2.014636 -2.926150
-1.440677 -2.125369
-1.588577 -1.285328
-0.456253 0.315190
0.169944 -0.168841
-0.111724 -0.427499
-0.393291 -1.044000
-0.928794 -0.900673
-0.334313 -0.284541
-0.435480 -0.002518
1.476076 1.671337
0.207957 0.403461
0.752948 0.895048
-0.473241 -0.421843
0.010293 1.105963
0.237977 -0.429421
-0.463039 -1.400510
-2.567952 -1.837143
-0.726592 -0.888271
1.254227 1.477275
0.319954 0.885932
-0.955930 -0.846874
-0.228234 -0.678644
0.048807 -0.245654
-0.551354 -0.192972
-1.430515 -0.326567
-1.030589 -1.862153
0.373433 0.028656
-0.309547 -0.045289
-1.098021 -0.946520
-0.624932 -0.194406
-0.388328 -0.350262
-0.916785 -1.272021
-0.685026 -0.730802
-0.236107 -0.631671
-0.031239 -0.084484
-0.133534 -0.169610
-0.558282 -0.522347
-1.147615 -1.940932
-0.728771 -1.010743
-0.116383 -0.049711
-0.076217 -0.198996
-0.031753 -0.977671
-1.963752 -1.554868
0.057223 -0.443579
0.405435 0.691062
0.450738 1.188176
-0.282127 -0.315737
-0.919484 -0.965464
-1.348492 -1.372041
-0.666885 -0.525036
-0.155676 -0.476870
-0.213378 -0.765428
-0.910833 -1.670291
-1.009541 -1.572946
-1.278536 -1.407478
0.002286 -0.181773
0.815862 1.103415
-0.321542 -0.988882
0.364393 -0.258915
-0.232593 -0.383221
-1.087604 -0.974254
-1.751369 -1.757646
-1.428684 -1.753071
-0.304739 0.072336
-0.720429 -0.249697
-0.912298 -1.074788
-0.813517 -1.242761
-0.182840 -0.214570
-0.808399 -0.175574
-1.556589 -0.706174
-0.893786 -1.448600
0.216743 0.433792
-0.079898 -0.176660
-0.394866 -0.756098
-1.145672 -1.063201
-2.123378 -1.963663
-0.630153 -1.182745
-0.014170 0.525042
0.374073 0.915764
-0.687825 -0.560203
-1.071252 -1.427154
-1.533937 -1.033193
-1.006193 -1.109355
-0.845117 -0.877367
0.872380 0.860436
-0.445752 -0.574551
0.138237 -0.091333
-0.334199 0.152875
-0.245619 -0.159638
-1.647064 -1.294879
-0.237671 0.585928
0.884958 0.634623
-0.273268 0.192615
-0.836409 -0.347644
-1.193447 -1.667064
-1.346692 -2.206392
-1.103886 -0.766680
-0.310300 -0.068809
-0.658909 -0.354533
-0.226999 -0.338695
-0.176909 -0.300670
-1.141573 -1.377003
-0.437074 -0.773199
0.058470 -0.220345
-0.571811 -0.680372
-0.562207 -0.961351
0.103418 -0.676667
0.089302 -1.061328
-0.506518 -0.799734
-1.443327 -1.320734
-0.789339 -0.544471
-1.052315 -1.221323
-0.148924 0.211665
-0.041300 -0.034974
-0.424206 0.237089
-0.025537 0.024036
0.257545 0.412104
-1.061437 -1.628389
-0.746829 -1.098653
-0.609300 -0.191070
0.711449 1.683141
0.759916 1.786264
0.310314 1.168731
-2.193722 -2.143698
-0.449525 -1.776983
-0.199762 -0.593077
-1.028553 -1.381888
-0.264772 0.605002
2.295143 2.551075
0.248237 -0.839671
-0.227853 0.013978
-0.363378 0.537214
-1.718008 -0.973878
-1.339960 -0.954081
2.470869 2.509692
1.917038 1.607845
-1.475782 -1.240656
-0.137819 -0.922252
0.051722 -0.632481
0.639775 0.727565
-0.406318 0.083184
0.142368 0.205478
-1.958271 -2.214813
-2.431926 -2.421955
-0.427225 -0.831378
0.123679 -0.038290
-0.225844 -0.524181
-1.470518 -0.561797
-1.938948 -1.183409
-1.410236 -2.219819
0.189640 0.476750
-0.473310 -0.403197
-0.172532 -0.966230
-0.629321 -0.705503
0.914642 1.423879
-0.639821 -0.775567
-0.894136 -0.718402
0.494870 0.681834
0.246854 0.994045
-1.398996 -0.752370
-1.594186 -0.144773
-1.215357 -1.377495
-1.948404 -0.601240
-2.842487 -2.798260
0.409358 0.948800
3.596708 4.692840
0.884289 2.200970
-2.287046 -2.649211
-1.451577 -2.122592
0.022948 0.163441
0.208841 1.760617
-0.630741 0.474920
-0.595288 -1.351427
-0.931580 -1.707230
-1.446538 -1.010076
-0.559122 0.681683
-0.357933 -0.653628
-0.857850 -0.799942
-2.289930 -2.539193
-3.226889 -3.142453
-0.846305 -0.951920
0.169183 0.355007
0.954244 0.060559
0.037906 -0.935509
-1.088248 -2.189277
-0.883878 -0.181542
-1.131860 -0.945583
-0.493566 -1.026813
0.480006 0.213014
1.371833 1.015812
0.398601 1.067418
-0.265977 -0.098140
-2.226800 -2.117646
-3.815764 -4.158640
-2.614074 -2.251275
0.135794 -0.412984
1.498408 1.060176
0.567048 1.096694
-1.704528 -0.585675
-1.784265 -2.765465
-0.798935 -1.511113
-0.459181 -0.698211
0.469020 -0.298449
-0.304430 -0.605860
-1.048034 -1.877220
0.363955 0.372753
0.459572 1.590010
-1.758177 -1.432287
-1.147535 -1.713033
-0.093553 -0.886719
0.347094 0.102653
0.494182 1.458728
-0.532633 -0.879726
-0.527707 -0.587268
-0.354227 0.727749
-0.620686 0.668545
-0.120965 -0.588212
-2.354520 -3.368284
-3.221090 -5.656850
-2.057122 -1.753207
-0.102945 1.035144
0.755599 1.072287
-0.997192 -0.870704
-0.485751 -1.318157
-0.179758 -1.126442
0.818401 1.405595
0.514717 0.432396
-1.147990 -1.163851
-0.812745 -1.542425
-0.562271 -0.771905
-0.247875 -1.463982
0.072916 0.379426
-1.004998 -0.954693
0.596133 -0.049818
-0.072839 0.022402
-0.165100 -0.479670
-0.852848 -0.428383
-1.286427 -0.620329
-1.070194 -1.613088
0.047510 -0.513515
-0.013470 0.395969
0.219499 0.107725
-0.677152 -0.735717
-0.601375 0.101947
-0.419696 -0.567273
-0.811217 -0.561470
-0.410344 -0.219191
0.054450 -0.295938
-0.682471 -1.362846
-1.181517 -1.480665
-0.226016 0.222872
0.356651 0.410482
-0.211135 -0.512458
-0.578120 -0.534911
-0.625772 -0.876176
0.496618 0.916721
1.542870 1.264245
-0.309384 -0.664448
-2.103576 -2.064172
-2.017420 -1.174566
-0.249425 0.017857
-0.382355 0.346029
-0.392096 0.245057
-0.292754 -0.343141
-0.153721 -0.723816
-0.795579 -0.005968
0.231322 0.428412
-0.895153 -1.931704
-0.623002 -0.536091
-0.164659 0.191833
0.779345 -0.107200
0.026115 0.426829
0.099600 0.150443
-0.517769 -0.054514
-0.070798 -0.433307
0.716628 0.214010
-1.245821 -1.630865
-0.745469 -1.541596
-0.258072 -0.414591
0.479242 1.158797
0.581999 0.578764
-0.307096 0.151232
0.026267 0.310939
-1.007641 -0.592103
-1.082820 -1.379451
-0.883997 -0.761479
-0.014257 0.191998
-0.531850 0.349291
-0.329623 -1.237629
-1.204828 -1.091857
-0.857950 -0.784985
-0.603943 -0.398651
-1.336419 -0.518080
-0.485630 -0.130074
1.195002 1.238385
1.190903 1.230662
0.374266 0.256677
-1.989002 -2.631268
-1.876632 -1.296944
-0.734404 -0.010113
0.876188 1.213458
1.065728 1.195846
0.301623 0.267112
-1.412848 -2.077804
-0.529365 -0.916957
0.386716 -0.518941
-0.921404 -1.278345
0.085358 -0.213398
0.095647 1.048943
-0.030910 0.306598
-0.645109 -0.577804
-0.406650 -0.877989
-1.179751 -1.427782
-1.023569 -1.686056
-0.466304 -0.295197
-0.275117 0.126140
-0.263972 0.566283
-0.713787 -0.357350
0.600578 0.528692
0.675565 0.462211
0.625831 -0.189720
-1.127530 -0.958553
-0.903417 -0.748724
0.238579 -0.686641
0.355265 -0.458453
-0.191928 -0.379744
-2.672358 -2.286128
-3.654168 -2.988368
-2.365260 -3.636869
1.434826 1.785901
0.734228 -0.041419
-1.334982 -1.721923
-1.985323 -0.916169
-0.780601 0.062558
-0.379321 0.098873
-0.413425 -0.384771
-0.409865 0.544665
-0.686487 -0.153009
-1.872964 -0.638847
-1.925176 -2.284372
0.023615 -0.396104
3.078560 4.050155
3.461885 2.621505
-0.816835 -0.548098
-3.736873 -4.842206
-2.585802 -2.438789
-1.071672 -0.458750
0.132010 -0.243805
1.559281 2.058861
0.281157 0.742972
-1.242089 -2.485262
-0.855854 -1.249406
-1.618321 -1.785963
-1.571004 -2.526835
0.545902 0.441141
0.705261 0.540625
1.208664 0.478239
0.230347 -0.321402
-0.184641 0.379344
1.470101 1.585857
1.896579 1.986264
1.471274 0.786635
-0.094513 -0.547736
0.639085 1.713331
1.028515 2.101958
1.590787 0.774123
-0.212826 -0.434642
0.012628 -0.315411
-2.282463 -2.698592
-0.274793 -1.603532
-0.313529 -1.120945
0.332233 1.313360
1.878224 2.148023
0.841468 1.490959
-0.986503 -1.662364
-0.801753 -1.020181
-1.528656 -1.888920
-1.061786 -0.850119
0.082281 0.308994
-0.858228 -0.509753
0.445945 0.807002
-0.985004 -1.652730
-0.625810 -0.211933
-1.470942 -1.961251
0.032370 -0.081556
1.703746 1.904984
2.442978 3.598223
1.028109 1.213817
0.183530 -0.490664
-2.519192 -1.620759
-3.969517 -4.056341
-0.720314 -0.015904
0.776257 1.928938
-1.554332 -1.556751
-1.835959 -3.248521
-1.111388 -2.036433
0.814137 1.586354
-0.437913 0.539158
-0.546452 0.350491
-0.762828 -1.407917
-1.953742 -1.748746
0.526957 0.607704
1.328632 1.252517
0.149212 0.386978
-1.790665 -2.706652
-2.416638 -3.977299
-0.996722 -2.387167
-1.606134 -1.620370
-2.693200 -2.335187
-2.132323 -1.007447
0.140859 0.802480
0.493184 0.024810
0.135306 -0.299782
-1.302430 -0.255932
-3.121014 -3.987550
-0.779839 -1.053293
0.321182 0.396305
1.304869 1.757178
-0.642017 -0.098778
-1.527781 -1.770319
-0.883150 0.022139
0.041776 -0.201312
-0.872321 -1.133254
-0.196367 -0.624006
-1.469882 -1.469523
-1.500906 -2.396947
-1.400191 -0.906011
0.054554 0.232347
0.020868 -0.028737
0.294070 -0.284054
0.469343 -0.338528
-0.109544 -0.245413
0.626182 0.510761
-0.489226 -0.191065
-2.154772 -1.395045
0.063180 0.117521
-0.416761 0.366668
0.256625 0.090440
-0.242064 -1.537296
-1.633981 -0.861286
-1.635184 -1.060282
-0.069404 -0.085796
-0.464995 0.022548
0.319333 -0.057009
-0.264220 -0.912976
-1.660599 -1.776168
-1.029560 -1.346239
-0.632939 -0.916387
-0.799577 -0.191899
-0.282438 -0.360656
-0.115897 -0.582538
0.304331 0.440729
-0.000230 0.082315
-1.480167 -1.655915
-1.465019 -1.318514
-0.017494 -0.492080
-0.199141 -0.241492
-0.738616 -1.441269
-0.763162 -1.931917
-0.406223 -0.158644
0.008325 -0.320639
-0.008569 -0.309025
-0.005796 -0.468610
-0.928391 -0.606771
-0.646971 -1.179944
-1.098388 -1.324492
0.230531 0.568914
-0.144848 0.315061
-0.209643 0.131181
-0.772444 -1.088977
-0.491774 -1.013829
-1.142247 -2.010067
-1.379615 -0.980014
-0.226311 -0.495657
-0.656864 -0.110313
-0.706580 -0.410526
-0.588691 -0.264425
0.303894 0.044629
0.139313 0.709096
-0.124048 -0.200969
0.447123 0.297910
-1.319066 -0.887247
-0.757493 -1.528202
-1.251207 -1.809496
-1.090543 -2.395912
-0.731902 -0.345157
0.140850 0.259123
-0.102777 0.494657
-0.408319 -0.657859
-0.896504 -1.997492
-1.504658 -1.578823
-0.962663 0.049364
0.139310 0.427688
0.143637 1.055723
0.365379 0.054616
-1.214652 -1.410853
-1.918554 -2.755477
-0.867388 -0.746766
0.039681 -0.260394
0.565940 0.932844
1.241023 1.577014
-0.564279 -0.296988
-1.339021 -1.969525
-1.288955 -1.618838
1.105266 1.028303
0.406581 0.519483
-1.406231 -0.517656
-0.980834 -0.532185
-1.092567 -0.981231
0.009214 -0.748591
0.039963 -0.048544
-0.252773 -0.162754
-0.795595 -0.218003
-0.655584 -1.260752
-1.501157 -0.952857
-0.004681 -0.558009
-0.101057 0.014758
-0.325090 0.742032
0.491725 0.245540
-0.041968 0.155664
-0.941278 -0.924622
0.111742 1.515314
-0.115791 1.170375
-0.637538 0.612138
-2.491766 -2.304326
0.429839 -1.214718
0.519351 -0.403354
-0.116286 1.241758
-0.699466 1.153403
0.312234 0.945724
1.067281 0.693505
-0.657846 -0.228292
-1.330454 -1.166470
-1.873065 -1.637768
-2.318568 -1.758223
-1.276796 -3.093129
-0.417551 -1.032115
-0.252202 0.674382
0.210854 1.108046
0.782816 0.840866
0.044330 -0.504480
-0.834338 -1.841677
-0.510395 -1.068343
-0.468912 -0.341311
-1.112725 -1.148022
-2.009984 -1.594305
-1.743876 -2.958882
-0.835934 -1.788000
-0.065471 -0.829633
-0.272479 0.960881
0.207826 1.696377
-1.227746 -0.199634
-0.151563 -0.399869
-0.215983 -0.553740
-1.087132 -0.894061
-1.679248 -0.646142
-0.535428 0.331737
-0.194032 -0.351782
-2.487030 -2.124124
-3.071388 -3.494604
-0.325048 -0.755822
1.742172 1.828830
1.583374 0.977396
-0.329477 -1.065323
-2.760452 -2.130373
-1.720319 -0.733151
1.651442 1.816348
-0.074905 -0.022233
-0.382109 -1.051233
0.160707 0.332780
0.104853 0.976081
-1.048594 -0.129342
-0.871246 -0.786326
-1.251210 -1.304222
-1.407088 -1.392779
-1.751324 -1.088351
-0.646600 0.257258
-0.384385 0.184720
-0.226943 -0.427182
0.374463 0.446141
0.261171 -0.246529
0.805541 0.077184
0.645406 -0.035264
-1.140256 -0.722553
-0.780605 -0.721745
0.285936 0.121017
1.490748 2.886443
0.207983 -0.728161
-2.252195 -2.104889
-2.308579 -2.771210
-1.224542 -2.367933
1.920553 0.977261
0.673126 0.575450
-2.205557 -1.426677
-2.238618 -2.090169
-1.143985 -0.592300
1.927657 1.699333
0.625922 0.929859
0.560993 0.896346
-1.745767 -1.928193
-1.017834 -1.376525
-0.350883 -1.433249
0.609284 -1.295079
-1.377924 -2.927093
-1.512253 -1.537916
-1.249830 -0.181995
-0.796231 -0.059707
-1.871876 -2.975747
1.249849 -0.154730
0.960565 0.962453
-1.771775 -2.732985
-2.783757 -2.553439
-2.973936 -3.095139
-0.215966 0.346213
1.470917 1.686133
-0.148971 -0.905825
-2.812101 -4.278880
-1.177428 -0.770854
-0.252916 0.085462
0.843216 0.887881
-0.189204 -0.005552
0.164418 -0.691184
-1.078255 -1.022401
-0.576373 0.172130
0.044981 -0.123383
-0.393338 0.098056
-0.708040 0.134928
-0.019910 -0.499191
-0.870447 -0.771762
0.121707 0.054550
0.254562 0.855853
-1.100020 -1.140919
-1.110148 -1.186846
-0.712569 -0.184376
-0.396864 0.116394
-0.813890 -0.640773
-0.527491 -0.085682
0.079330 -0.841644
-1.424792 -1.029586
0.164809 0.307187
0.604849 1.044774
-0.682318 -0.418102
-0.868715 -1.549862
-1.162215 -1.254101
-0.211531 0.048355
0.254862 0.141142
0.202072 0.427389
-0.699688 0.131113
-0.024619 -0.079190
-1.216667 -0.796384
-1.947607 -2.080858
-1.228616 -1.929033
-0.450545 -0.355519
-0.685428 -0.190825
-0.148912 0.148873
-0.021242 -0.405095
-0.618318 -1.799866
-0.971110 -0.427792
0.432551 0.743493
0.282917 0.521083
-0.483528 0.165586
-1.309010 -1.735353
-0.932950 -0.249046
-0.113297 0.214165
-0.387405 -0.985696
-0.802823 -0.540319
0.175452 0.371437
-0.086640 0.678699
0.075426 0.699349
0.411933 -0.199713
-1.396937 -1.105932
-0.892224 -1.704665
-0.042305 0.132989
1.132365 1.605097
0.676191 0.322191
-0.782966 -0.717733
-1.345274 -1.107722
-1.508495 -0.628355
-0.416016 -1.055666
-0.340829 -0.779448
-0.402531 -1.027957
-1.368280 -0.877660
-0.946496 -0.944810
-0.455134 -0.475864
-0.592103 -0.846548
0.212201 -0.267364
-0.277655 0.646829
-0.875940 -1.740149
-1.590713 -1.752090
-0.659807 -0.608873
0.144290 0.801737
0.229051 -0.573586
-0.306334 -0.652842
-0.018550 -0.563868
-0.838691 -0.403162
-1.010652 -1.321893
-0.289384 -0.790980
0.537276 0.838837
0.618018 -0.262972
0.047959 0.305886
-0.487248 -0.421581
-0.725651 -1.323060
-0.973440 -0.720556
-0.304522 -0.719773
0.243896 0.195440
-0.457683 -0.907410
-1.009903 -0.354345
0.142400 -0.158029
-0.551506 -0.420446
0.203264 0.220185
-0.074418 0.000911
-0.421187 -1.401234
-0.737616 -1.300703
-0.949384 -0.601173
-0.621929 -0.254548
-0.415585 0.177414
-0.645726 -1.046733
-0.496241 -1.461827
0.164546 0.092346
-0.769719 0.399124
-0.645571 -0.816988
-1.836270 -2.184263
-2.307860 -3.039987
-0.717061 -1.223091
-1.447794 -1.824159
-0.544374 0.335655
0.389776 1.339961
1.265409 1.913908
-2.376895 -3.541459
-4.075152 -5.286615
-2.309204 -1.220354
0.904854 1.346634
-0.979989 -1.366347
-1.552633 -1.622891
0.596020 0.232207
-1.408576 -2.093930
-2.565622 -2.906857
0.064910 -0.833279
1.102692 0.943849
1.098292 1.826582
-0.460930 0.142162
-3.110649 -2.334837
-0.889240 -2.549491
1.656021 0.380959
0.384217 0.082871
-1.305489 -0.826642
-3.427816 -2.563981
-0.100809 0.555878
3.013547 3.822617
0.549863 1.963267
0.172783 0.434265
0.445435 -1.227329
-0.382309 -1.020491
-0.737755 -0.163640
1.055980 2.197252
1.129087 0.649508
-0.651432 -1.030207
-1.669091 -0.502352
0.617798 2.057725
0.852554 1.412650
-0.869534 -1.127352
-1.298226 -1.722787
-0.617667 -0.110653
1.257905 1.867892
-1.159244 -1.250044
-2.464080 -2.923391
-0.698797 -1.033245
-1.877736 -1.661541
-1.596527 -1.785482
0.196303 0.015385
2.247177 2.032544
0.776398 1.774424
-0.117385 -0.938543
-2.552054 -3.343282
-3.565000 -4.101149
-2.717676 -3.216162
0.872161 1.154144
1.083386 0.768865
-0.540949 -0.913077
-0.752226 -0.712778
0.095138 -0.062177
-0.315936 -0.411711
-2.437948 -2.135346
-0.984353 -0.614033
1.798018 2.488041
0.977327 1.935684
-1.037720 -1.943643
-1.867052 -2.762106
-2.854443 -4.565271
-0.931484 -0.949394
0.833806 1.821451
3.402915 3.810121
2.480175 2.008554
-2.023450 -2.112166
-3.517412 -2.432176
-1.375573 0.806813
1.619096 1.603101
1.960562 1.233648
-0.340898 -0.226170
-1.791918 -1.498775
-2.539001 -2.086576
0.423655 1.567327
0.378315 0.487102
-0.165453 -0.032955
0.448308 0.602031
1.205483 2.187580
1.109067 1.238980
-0.121471 0.074208
0.375310 0.236020
1.176009 1.010169
0.238362 0.287586
-0.093750 0.999302
-1.643087 -0.718945
-0.545640 0.590618
-2.481279 -2.622065
0.948732 1.204309
0.848788 1.547551
0.886664 1.722280
-1.177588 -0.760419
-0.981511 -1.430099
-1.420639 -1.672389
-0.245753 -0.948659
-0.160414 0.221921
0.412262 -0.034862
-0.408726 -0.066731
-0.684355 -0.084789
-0.371323 0.658031
-0.572113 -0.266657
-1.063402 -1.095882
-0.763069 -1.307084
-0.638862 -0.959258
-0.250399 -0.908731
-0.249001 0.111501
-0.689857 -1.055170
-1.103507 -1.234898
-0.704232 0.101614
-1.116500 -0.613931
-0.261657 -0.313031
1.143128 0.548182
-0.102255 1.051628
-0.938036 -1.304816
-1.878060 -2.380919
-2.201477 -1.988490
-0.559447 -0.101390
0.985337 0.733602
0.169527 -0.045673
-0.774941 -1.136841
-0.763977 0.358160
-0.715914 -0.341634
-0.833730 -0.950231
-1.716635 -1.306593
0.131340 0.596258
0.095338 1.113913
-0.012843 0.717145
-1.182226 -1.008881
-1.690459 -2.145596
-1.108836 -1.434650
-0.535995 -0.440676
0.896048 0.362352
1.259661 1.129501
0.847354 0.688499
-0.379120 0.122417
-0.855565 -1.332458
-0.231919 -0.182148
0.064509 0.426336
-0.156503 -0.389051
-1.185233 -0.212452
-0.683501 -0.369271
-1.573683 -0.839776
-0.486745 0.207361
-0.823587 -0.925474
-1.103518 -2.003064
-1.416038 -0.643166
-0.776218 -0.775460
-0.579428 -0.399613
0.876036 0.574795
1.095576 1.424759
-0.686725 -0.539393
-0.564242 -0.389306
-0.486446 -0.965316
-0.848894 -1.255590
-1.615882 -2.192870
-1.309397 -1.100892
-1.050676 -0.411091
0.737337 0.675502
0.073741 0.632449
-1.057094 -1.595569
-1.562248 -1.003243
-0.176012 -0.284254
0.650698 -0.091296
-0.893948 0.313168
-1.455244 -1.393859
-1.555095 -1.564394
-0.354373 0.208991
0.160554 0.196086
0.008689 -0.153198
-1.180111 -1.306086
-0.119119 -0.302623
-0.415155 0.086957
0.113746 0.092542
-0.339890 -0.390819
-0.710575 -0.692402
-1.125100 -0.773124
0.065699 0.088670
-0.453025 -1.104848
-1.615828 -2.205068
-0.198627 -0.350273
0.559215 0.558889
-0.108387 0.209498
-0.744609 -0.709891
-0.973011 -0.882871
-1.365584 -0.897689
-0.080096 -0.798636
-0.211627 -0.324633
-1.437483 -1.132660
-1.132975 -0.335194
-0.898384 -0.565668
0.208937 0.755313
-0.340319 -0.174512
0.136891 -0.702038
-1.002194 -0.402583
-0.414414 0.541458
0.933813 0.925678
-0.671553 -0.389035
0.333349 -0.256547
-1.588836 -0.505962
-1.502256 -0.327578
-0.440517 -1.155425
0.896466 0.752288
0.689007 1.171619
-0.218397 0.835786
-0.877623 -0.551881
1.174691 0.922453
0.999051 0.632037
-1.166704 -1.553240
-1.445688 -1.469654
-1.376550 -2.380931
-2.573929 -1.838233
-1.956246 -1.222445
0.199340 0.206280
0.828647 0.369930
1.351374 0.460247
-1.458002 -0.639166
-1.453120 -3.123332
-1.077771 -1.813614
0.743104 0.905674
3.440414 3.551446
1.222604 1.131849
-0.285500 -1.199928
-1.702707 -1.799779
-1.085369 -1.248170
0.087260 1.217866
-0.456213 -1.685135
-1.912652 -3.957959
-1.405366 -1.794974
0.631094 1.382930
1.924817 5.019243
-1.125151 0.047522
-2.954065 -4.313624
-1.710609 -2.902971
0.285937 0.473126
0.816743 0.975168
1.214315 1.306213
-0.637956 -1.919336
-1.822287 -3.019396
0.073914 -0.027202
-0.584033 -0.452474
-0.491946 -0.854304
0.215424 0.765645
1.242877 1.516084
-0.244953 1.915780
-1.464851 -0.807610
-0.077457 -0.143030
-0.444070 -0.958121
-0.679953 -0.220985
-0.730059 0.149643
0.976078 0.504695
-1.428978 -2.055593
-1.158069 -0.432733
-2.647674 -1.559211
-1.309255 -1.122025
-1.281576 -1.772798
-0.811171 -1.657781
-0.684211 -2.203920
0.052254 -0.763633
0.430602 -0.407751
1.776348 1.922957
0.339529 1.251094
-1.570733 -1.408452
-2.720969 -2.924236
-2.395923 -3.437575
-2.136735 -3.590141
-0.555594 -1.219341
1.929128 1.457940
1.077305 1.161137
-0.828141 -0.655809
-1.692812 -2.724189
-0.306883 -0.818430
-0.754210 -0.590583
-0.476789 0.036810
-0.155250 0.019485
-0.151804 -0.386728
-2.634268 -2.994551
-1.743819 -2.397433
1.114619 0.904541
-0.003414 -0.350035
-1.959044 -2.038276
0.192708 -0.045123
0.659781 0.728321
-0.425591 0.122755
-0.320890 -1.025792
-0.559738 -0.652203
-2.130108 -3.530617
-0.689276 -2.153607
0.254822 0.900145
-1.297231 -0.483308
-1.108857 -0.920556
-1.359659 -2.270839
-2.597556 -3.226406
-0.176571 0.551362
0.352551 1.165114
-0.617891 0.366632
-1.018171 -1.037520
-1.148601 -0.899224
-0.343317 -0.856387
0.714753 0.474554
0.077576 0.257849
-0.886630 -0.974803
-1.093550 -1.177552
-1.312084 -1.009825
-0.351993 -1.207034
0.639724 0.785185
0.044519 0.297949
-0.640157 -1.110454
0.336780 0.049585
0.721894 0.082070
-0.340954 -0.489459
-0.406039 -0.040766
-0.473350 -0.268862
-0.633439 -0.195426
-0.683253 -1.010065
-0.536617 -0.406783
0.020504 0.034290
-0.372717 0.174098
-0.920686 -2.333850
-0.375429 -0.886238
-1.207649 -0.471141
-1.180949 -0.469414
-1.288342 -0.794426
-0.862281 -1.199774
-0.044349 -0.581712
0.405121 -0.484391
-0.021274 0.194061
0.133890 -0.180840
-1.083001 -0.760820
-1.326988 -1.972461
-0.031125 0.417991
0.780038 0.907231
0.273927 1.416710
-0.451566 -0.143598
-2.046603 -1.841346
-0.465485 -0.542942
-0.045568 -0.594359
0.403132 0.582306
-1.089541 -0.953796
-1.515530 -1.572351
-0.416547 -1.164670
-0.704710 -0.179316
-0.117807 0.040234
0.239552 -0.373317
-0.336069 -0.490188
-0.881221 -2.157858
-0.516560 -0.341951
0.149966 0.625415
-0.396236 -0.184961
-1.383024 -1.167620
-0.848756 -0.431073
-0.480841 -0.496875
0.234245 0.230742
-0.121976 0.519895
-0.604866 -0.210219
-0.243097 -0.205055
0.134973 0.374035
0.198938 0.567762
-0.899929 -0.148518
0.282311 0.122295
-0.216245 -0.943610
0.042627 0.159862
-0.793733 -0.628083
-0.803941 -0.431228
-1.532207 -1.356011
-0.511325 -0.199026
0.899980 0.184893
-0.234414 -1.061077
-0.754167 -1.089366
-0.064069 0.076979
0.558869 0.735978
-0.060333 -0.470668
-0.912340 -1.614288
-1.087645 -1.477342
0.533737 0.941983
0.178419 0.547933
-1.200653 -0.745032
-1.363427 -2.095178
0.356959 0.310633
-0.070598 0.052181
-0.657937 -0.934304
-1.218822 -1.824212
-1.269532 -0.978989
-0.684254 -1.199388
-1.724411 -1.373712
-1.515254 -0.588702
-0.297901 0.290522
0.057093 0.123764
-0.447389 -1.239603
-1.153976 -0.619344
-1.114938 -0.485754
-0.881066 -0.334340
-1.169128 -1.354830
-0.771621 -0.740219
-0.708927 -0.769811
-2.430667 -2.659570
-0.644814 0.182332
0.585929 0.254892
-0.210902 -0.505522
-2.005476 -3.548223
-2.694582 -2.088337
0.827401 1.634677
-0.145176 -0.386824
-0.443398 -1.075245
-1.943493 -1.684312
-1.819649 -2.115910
-1.473454 -1.801176
-3.089462 -4.288262
-1.645689 -1.784198
0.948294 0.590965
-0.537780 0.024942
-1.817506 -1.342518
-1.440316 -1.442203
-1.083956 -1.183333
-0.871259 -0.345426
-1.248407 -1.262454
-0.949668 -1.050471
-0.214696 -1.274041
-0.452962 -0.378742
-1.193477 0.479784
-0.840676 -0.416742
-0.146833 -0.576519
-0.985612 -1.458583
-0.700251 -0.101039
-2.483056 -2.413073
-2.718675 -2.903480
-1.006529 -0.669839
0.014594 -1.008137
1.412819 2.406618
0.599593 0.203010
0.605720 1.040900
-2.027570 -1.931218
-2.510589 -2.608228
-2.841949 -2.540880
-0.924788 -1.165517
0.245324 0.122831
0.709070 -0.292434
2.590655 2.796353
0.982397 1.535679
-0.604071 -0.890946
-1.170335 -1.029697
-2.626263 -2.709994
-0.777392 -0.241632
0.680929 1.766160
0.150861 -0.373320
-0.269236 -1.901503
-0.381468 -1.386784
-1.064670 -0.572207
-1.559934 -0.919275
-1.790888 -1.296090
1.797213 1.750097
0.494048 -0.493199
-0.946829 -0.296146
-3.607326 -4.678374
-4.637436 -4.925886
-3.219220 -4.645701
1.055138 0.752662
0.175533 0.033501
-2.384064 -1.188115
-3.293845 -2.262414
-0.019191 0.486447
3.188704 2.592373
-0.296785 -0.475861
-2.478290 -2.428446
-0.312714 1.646440
1.580427 1.818129
0.507168 0.244571
-0.918949 -1.701399
-2.096312 -2.566468
1.304198 0.666296
0.801527 0.086654
-0.921851 -0.122720
-1.781464 -2.673506
-1.227021 -0.615749
-0.078093 -0.790325
-1.033422 -1.954396
1.476659 1.277456
-0.103318 -0.012999
1.790005 2.294155
1.990738 2.913527
0.442342 2.133753
0.407647 0.077247
-0.962332 -1.686129
-3.560454 -3.503218
-2.946419 -3.657286
0.128152 -1.014837
0.128157 -0.984717
-1.067640 -0.460974
-2.265693 -2.295459
-1.045345 -0.096436
0.236917 -0.786988
0.083226 -0.113388
-0.682834 0.289845
-2.003950 -0.325684
-1.573243 -0.482200
-0.193174 -0.538532
1.652615 1.196760
0.727933 0.440015
-0.750633 -0.703592
-0.781586 -1.825550
-1.508277 -1.567029
-0.952178 -1.199579
-0.902685 -0.945566
-1.043999 -1.515157
-0.015231 -0.469364
-0.228805 0.818636
-1.539051 -1.243730
-1.437846 -1.815887
-0.032635 -0.352922
0.034785 0.506116
-0.284280 0.342051
-0.000113 0.439510
-0.998903 -1.598426
-0.499086 -0.598461
-0.811147 -0.905510
-1.145532 -1.372958
-1.126576 -1.285007
0.003146 0.397844
0.756685 1.115867
-0.549108 0.060606
-1.567119 -1.591222
0.320262 -0.067261
-0.218694 0.404892
-1.053208 -0.984958
-1.051776 -1.287771
-0.544655 -0.317169
0.106699 -0.365788
-0.252480 -0.088068
-0.928292 -0.370714
-1.238978 -1.120364
-1.065105 -0.443618
-0.161850 -1.189358
0.284622 0.179186
0.039327 0.385200
-1.373132 -1.237518
-1.143547 -1.523651
-0.509455 -0.972820
-1.346015 -0.831828
-0.717573 -0.665088
-0.700860 -0.367761
-0.676125 -0.487185
-0.398272 -0.789245
-0.704728 -0.783903
-1.165920 -0.239427
-0.468856 -0.150936
-1.351308 -1.650558
-0.920794 -1.317973
-0.695561 -0.142317
-0.300793 0.824672
0.135662 -0.825674
-0.795056 -0.495958
0.175190 0.273385
-0.225475 0.173852
-1.083458 -0.306979
-0.553656 -1.189678
-1.418334 -1.963175
-1.106981 -1.350258
-0.775704 -0.101720
0.504138 0.128767
-0.858638 -1.071307
-1.117334 -1.167683
-0.711670 -0.431261
-1.008936 -0.660718
-0.901656 -1.127110
-1.172552 -1.066059
0.078781 -0.128866
0.314173 0.199853
1.140716 0.776851
-0.061793 -0.372888
-0.585082 -0.184868
-1.039045 -0.142269
-0.287806 -0.095889
-0.303155 0.459011
0.540221 1.444742
0.510037 0.615410
-0.473292 -0.624117
-1.103212 -2.212483
-1.885357 -2.594819
-0.180501 0.683797
1.186802 1.057374
-0.108626 0.657465
-0.844347 -1.185271
-0.662561 -1.088122
-0.939074 0.031616
-0.257351 -0.232903
-0.697202 -0.656745
-2.012270 -2.036306
-0.648037 -0.177279
-0.166495 0.097629
-0.352129 -0.238447
-0.731624 -1.118932
-0.359482 -0.839329
-0.485565 0.127516
-0.287242 0.596001
-0.062213 0.428559
1.230659 1.199018
-1.106319 -1.436684
-2.441722 -2.141858
-1.594757 -1.024232
0.276828 1.373667
1.295384 1.862556
0.808065 0.720731
-0.772865 -1.833827
-4.727576 -5.215763
-2.050018 -2.260827
0.928956 0.986324
0.306195 1.656285
-1.560351 -2.406508
-2.649868 -2.410950
-2.015813 -1.651320
-1.186179 0.230545
0.807342 -0.360157
1.012403 -0.881495
0.242160 0.163077
-1.176204 -0.677683
-0.536021 -0.315504
0.949758 0.951700
-1.418774 -1.330790
-1.077681 -1.442518
-1.202103 -1.211079
-0.837541 -0.905199
-0.591851 -1.196680
-2.308948 -1.895501
-0.038640 -0.728532
1.131945 1.160623
-1.198051 -0.792877
-1.154695 -1.268065
-1.609414 -1.947818
1.199833 0.837970
-1.694774 -2.836509
-1.524035 -2.129565
-0.200313 1.325451
-0.469289 -0.174801
-2.134923 -2.882336
-1.369641 -2.803311
1.542085 1.070499
2.290920 4.173071
-0.283072 0.376222
-1.500940 -2.474677
-0.047193 -1.554211
0.766445 -1.021168
0.052766 -0.857758
-0.911656 -1.183106
-1.384651 -2.022595
-0.183678 -0.141378
0.487155 0.647809
-0.038700 0.451303
-1.167418 -1.245650
-1.177648 -2.379327
1.120250 0.362379
1.486190 1.987545
0.217175 0.762059
-0.790185 -0.632717
-0.336243 0.113866
-1.135913 -0.987119
-0.973603 -1.742405
0.801484 0.696349
0.410302 0.715075
-2.731110 -2.409469
-4.499001 -5.094479
-2.923287 -2.649380
0.172974 -0.261073
2.747542 2.040795
2.513201 2.773503
-1.349871 -1.230053
-2.943695 -2.099559
-1.820556 -1.410619
0.836702 0.878016
1.878166 0.022546
0.779989 0.222201
0.597956 0.221639
1.096306 1.909191
-0.587872 -1.011901
-1.614355 -3.393793
-2.121265 -2.722311
-0.004607 -0.284731
1.711298 2.536495
-0.475916 -0.206882
-0.575854 -0.628148
-0.333980 -0.168282
-1.070654 -2.151717
-0.206063 0.501733
0.099464 0.383528
0.035476 0.078247
-0.723803 -0.974084
-3.602131 -2.462467
-0.899612 -1.093070
0.039204 -0.898030
0.145929 0.164194
1.827863 1.854328
1.193671 2.373093
0.378741 0.162258
0.736678 0.491189
-2.019359 -2.207357
-1.385170 -1.875743
-0.218996 -0.100603
0.063072 0.050980
0.109086 1.163003
0.062609 0.361099
-0.630567 -0.915978
-1.072443 -1.608586
-1.143340 -1.066732
-0.653366 -1.022330
0.368984 1.059249
0.202930 0.206520
-1.081124 -0.404806
-0.219539 -0.686517
0.254965 0.045925
1.059227 0.433173
0.340381 0.571211
-0.042693 -0.204746
-0.784809 -0.513537
-1.933283 -0.887654
-0.908319 -0.439060
0.266443 1.056386
-0.448506 0.134388
-0.696064 -0.194636
-1.420844 -1.262168
-0.107070 -0.213540
-0.391694 -0.339184
-1.099712 -1.729358
-0.959983 -0.513655
-0.359294 -0.447413
0.363311 0.018819
0.788302 1.242326
-0.679742 -0.719362
-1.385689 -1.615084
-0.932712 -0.964238
-0.276208 -0.886942
-0.799659 -0.308118
-0.535065 0.020487
-0.562282 -1.026533
-0.530291 -0.829764
-0.512159 0.308114
-0.052731 -0.118788
-0.611346 -0.212872
-0.192688 -0.044818
-1.350742 -0.267746
0.571375 0.246147
-0.495216 -0.177361
-0.274515 -0.640285
-0.809740 -1.168431
-0.678351 -1.543989
-1.197158 -1.685814
-0.355128 -0.352773
0.224871 0.136085
-0.313170 0.542618
-1.324066 -1.152846
-0.562268 -1.081274
0.010894 -0.292913
-0.798632 -0.796970
-0.066610 -1.027728
-0.012971 -0.805003
-0.723272 -0.318219
-0.244756 -1.133763
-1.125103 -1.212478
-1.113760 -1.689992
-1.048555 -0.835452
-0.661439 -0.395639
-0.377942 -0.796673
-0.644567 -0.048921
-1.066955 -0.638611
-0.999699 -0.868621
-0.999491 -1.313415
-1.264125 -0.937390
-0.304541 -0.955682
0.321063 0.933232
-1.091387 -0.429700
-1.641352 -1.745173
-0.214390 0.089294
0.900753 -0.177553
0.690425 0.438667
-0.803200 -0.365821
-1.147141 -0.595618
-0.635582 -0.043586
-0.112065 -0.132126
0.363332 0.240377
0.849257 0.472984
-0.508024 -1.255783
-1.888695 -2.693982
-2.033644 -1.341961
-0.302293 0.277873
0.200976 0.563909
-0.598690 0.224283
-0.052263 0.195277
-1.125829 -0.534374
-1.051114 -1.184831
-0.541924 -0.248942
0.153582 0.270980
0.370205 0.432483
-0.263338 0.078142
-0.653650 -0.622436
-0.992936 -0.634203
-0.623886 0.210961
0.284195 0.183421
-0.131984 0.086014
-0.061996 -0.355350
-0.302547 -1.033288
-1.576704 -0.665628
-1.288594 -1.018560
-0.680000 -0.518219
1.014865 0.940739
-0.452731 -0.054482
-1.878730 -1.502687
-1.669440 -1.949044
-1.043488 -0.464022
0.315315 0.194501
0.991710 0.158733
0.500005 0.045441
-0.606514 -0.954206
-1.763857 -2.187250
-0.907835 -0.422560
0.099256 0.374089
0.941958 1.475317
-0.356729 -0.045100
-0.693521 -1.277146
-1.326927 -0.925602
-1.467618 -1.163205
0.029523 0.100553
-0.749533 -0.457581
-1.172554 -1.892005
-1.523884 -1.351715
-1.153240 -0.129318
0.048873 0.961413
-0.168002 0.466223
0.484905 0.390939
-0.609365 -0.513921
-0.443223 -0.395280
-0.047532 0.169933
0.484944 -0.069352
0.336620 -0.461353
-0.812846 -0.743969
-0.701803 -0.016370
-0.775715 -0.156013
-1.028284 -0.412448
-1.032608 -0.998865
0.119901 0.573067
-0.566615 0.462491
0.199830 0.641006
-0.932287 -0.991261
-2.402311 -2.399855
-1.380004 -1.908232
-0.457720 -0.786720
-0.942196 -0.497466
-0.880581 -0.481959
-1.133210 -2.000584
-0.929033 -1.671180
-0.913142 -0.235161
0.248829 0.143638
0.153342 0.376444
-0.184509 -0.022915
-1.005053 -1.263515
-0.894872 -1.200061
-0.521486 -0.290801
-0.180550 0.180580
-1.438081 -2.156683
-0.536469 -0.705862
-0.090646 -0.413881
-0.699235 -0.303286
-0.335309 -0.148919
-0.932266 -0.411222
-0.995094 -0.798813
-0.028244 -0.667008
0.292935 -0.213273
0.161637 -0.586575
-0.165681 0.211534
-0.690142 -0.028627
0.112951 -0.715229
0.156993 -0.411674
-1.301695 -1.791582
-0.989144 -1.129608
-0.414707 -0.516761
-0.199381 -0.288763
0.356008 -0.446363
0.670483 0.476258
-0.269591 -0.430238
-0.644910 -0.660853
-0.845058 -0.458386
-0.567033 -0.197432
0.214258 -0.804129
-0.174018 0.055824
-0.204414 0.383574
-1.670030 -1.060328
-2.324999 -2.022174
-2.139770 -3.000121
-1.422318 -1.275779
-0.729518 -0.586696
-1.038747 0.063797
-0.912116 -0.556218
-0.920797 -0.819231
0.821365 0.009550
-1.158093 -1.392021
-0.770225 -1.126443
-0.272516 -0.364303
